20251215-CHY-I-001-a
Wavelength = 1.54059
3	1751.00
3.02	1780.00
3.04	1724.00
3.06	1768.00
3.08	1696.00
3.1	1639.00
3.12	1646.00
3.14	1659.00
3.16	1599.00
3.18	1644.00
3.2	1671.00
3.22	1647.00
3.24	1612.00
3.26	1597.00
3.28	1633.00
3.3	1528.00
3.32	1624.00
3.34	1556.00
3.36	1583.00
3.38	1589.00
3.4	1555.00
3.42	1572.00
3.44	1605.00
3.46	1490.00
3.48	1492.00
3.5	1548.00
3.52	1576.00
3.54	1550.00
3.56	1560.00
3.58	1449.00
3.6	1453.00
3.62	1451.00
3.64	1450.00
3.66	1467.00
3.68	1456.00
3.7	1444.00
3.72	1476.00
3.74	1467.00
3.76	1399.00
3.78	1454.00
3.8	1473.00
3.82	1476.00
3.84	1456.00
3.86	1464.00
3.88	1415.00
3.9	1394.00
3.92	1375.00
3.94	1371.00
3.96	1407.00
3.98	1360.00
4	1374.00
4.02	1369.00
4.04	1427.00
4.06	1424.00
4.08	1344.00
4.1	1339.00
4.12	1379.00
4.14	1359.00
4.16	1382.00
4.18	1334.00
4.2	1370.00
4.22	1323.00
4.24	1344.00
4.26	1315.00
4.28	1281.00
4.3	1343.00
4.32	1301.00
4.34	1306.00
4.36	1279.00
4.38	1283.00
4.4	1260.00
4.42	1301.00
4.44	1286.00
4.46	1269.00
4.48	1237.00
4.5	1283.00
4.52	1254.00
4.54	1257.00
4.56	1230.00
4.58	1210.00
4.6	1227.00
4.62	1268.00
4.64	1247.00
4.66	1241.00
4.68	1201.00
4.7	1203.00
4.72	1236.00
4.74	1204.00
4.76	1189.00
4.78	1222.00
4.8	1210.00
4.82	1178.00
4.84	1163.00
4.86	1175.00
4.88	1183.00
4.9	1190.00
4.92	1173.00
4.94	1177.00
4.96	1135.00
4.98	1138.00
5	1151.00
5.02	1093.00
5.04	1102.00
5.06	1089.00
5.08	1114.00
5.1	1133.00
5.12	1111.00
5.14	1200.00
5.16	1124.00
5.18	1096.00
5.2	1063.00
5.22	1072.00
5.24	1098.00
5.26	1146.00
5.28	1118.00
5.3	1089.00
5.32	1098.00
5.34	1104.00
5.36	1110.00
5.38	1087.00
5.4	1044.00
5.42	1082.00
5.44	1051.00
5.46	1067.00
5.48	992.00
5.5	1060.00
5.52	1025.00
5.54	1034.00
5.56	1036.00
5.58	1073.00
5.6	1000.00
5.62	1018.00
5.64	981.00
5.66	991.00
5.68	1015.00
5.7	999.00
5.72	1014.00
5.74	965.00
5.76	981.00
5.78	1047.00
5.8	994.00
5.82	1016.00
5.84	950.00
5.86	1030.00
5.88	990.00
5.9	973.00
5.92	956.00
5.94	998.00
5.96	990.00
5.98	939.00
6	979.00
6.02	1023.00
6.04	975.00
6.06	971.00
6.08	947.00
6.1	955.00
6.12	916.00
6.14	934.00
6.16	940.00
6.18	904.00
6.2	859.00
6.22	938.00
6.24	927.00
6.26	914.00
6.28	905.00
6.3	945.00
6.32	916.00
6.34	930.00
6.36	911.00
6.38	913.00
6.4	895.00
6.42	883.00
6.44	922.00
6.46	908.00
6.48	882.00
6.5	877.00
6.52	901.00
6.54	900.00
6.56	881.00
6.58	872.00
6.6	872.00
6.62	914.00
6.64	851.00
6.66	869.00
6.68	867.00
6.7	862.00
6.72	856.00
6.74	864.00
6.76	884.00
6.78	814.00
6.8	815.00
6.82	875.00
6.84	835.00
6.86	825.00
6.88	805.00
6.9	873.00
6.92	854.00
6.94	869.00
6.96	879.00
6.98	833.00
7	875.00
7.02	867.00
7.04	859.00
7.06	824.00
7.08	815.00
7.1	848.00
7.12	818.00
7.14	812.00
7.16	816.00
7.18	867.00
7.2	839.00
7.22	800.00
7.24	838.00
7.26	783.00
7.28	796.00
7.3	822.00
7.32	825.00
7.34	836.00
7.36	835.00
7.38	826.00
7.4	871.00
7.42	835.00
7.44	802.00
7.46	808.00
7.48	794.00
7.5	794.00
7.52	830.00
7.54	810.00
7.56	779.00
7.58	822.00
7.6	805.00
7.62	834.00
7.64	822.00
7.66	793.00
7.68	754.00
7.7	766.00
7.72	762.00
7.74	816.00
7.76	823.00
7.78	822.00
7.8	800.00
7.82	769.00
7.84	752.00
7.86	807.00
7.88	817.00
7.9	810.00
7.92	793.00
7.94	793.00
7.96	811.00
7.98	801.00
8	769.00
8.02	831.00
8.04	776.00
8.06	738.00
8.08	787.00
8.1	734.00
8.12	739.00
8.14	803.00
8.16	759.00
8.18	744.00
8.2	757.00
8.22	769.00
8.24	800.00
8.26	792.00
8.28	784.00
8.3	761.00
8.32	751.00
8.34	746.00
8.36	795.00
8.38	750.00
8.4	774.00
8.42	817.00
8.44	742.00
8.46	739.00
8.48	764.00
8.5	769.00
8.52	739.00
8.54	752.00
8.56	766.00
8.58	796.00
8.6	771.00
8.62	741.00
8.64	734.00
8.66	724.00
8.68	729.00
8.7	760.00
8.72	760.00
8.74	768.00
8.76	814.00
8.78	738.00
8.8	731.00
8.82	778.00
8.84	765.00
8.86	749.00
8.88	738.00
8.9	756.00
8.92	743.00
8.94	712.00
8.96	782.00
8.98	775.00
9	730.00
9.02	746.00
9.04	694.00
9.06	743.00
9.08	794.00
9.1	762.00
9.12	746.00
9.14	748.00
9.16	737.00
9.18	786.00
9.2	765.00
9.22	778.00
9.24	753.00
9.26	783.00
9.28	779.00
9.3	783.00
9.32	747.00
9.34	737.00
9.36	757.00
9.38	744.00
9.4	749.00
9.42	753.00
9.44	756.00
9.46	738.00
9.48	782.00
9.5	714.00
9.52	755.00
9.54	763.00
9.56	774.00
9.58	740.00
9.6	753.00
9.62	773.00
9.64	776.00
9.66	746.00
9.68	723.00
9.7	705.00
9.72	749.00
9.74	755.00
9.76	740.00
9.78	778.00
9.8	764.00
9.82	714.00
9.84	781.00
9.86	807.00
9.88	718.00
9.9	734.00
9.92	748.00
9.94	757.00
9.96	770.00
9.98	771.00
10	805.00
10.02	781.00
10.04	754.00
10.06	764.00
10.08	762.00
10.1	767.00
10.12	789.00
10.14	782.00
10.16	768.00
10.18	761.00
10.2	740.00
10.22	743.00
10.24	789.00
10.26	761.00
10.28	790.00
10.3	792.00
10.32	794.00
10.34	771.00
10.36	773.00
10.38	788.00
10.4	791.00
10.42	776.00
10.44	791.00
10.46	793.00
10.48	781.00
10.5	753.00
10.52	798.00
10.54	816.00
10.56	798.00
10.58	767.00
10.6	741.00
10.62	799.00
10.64	786.00
10.66	749.00
10.68	807.00
10.7	768.00
10.72	806.00
10.74	759.00
10.76	753.00
10.78	777.00
10.8	805.00
10.82	819.00
10.84	777.00
10.86	800.00
10.88	799.00
10.9	746.00
10.92	803.00
10.94	752.00
10.96	782.00
10.98	815.00
11	785.00
11.02	825.00
11.04	841.00
11.06	827.00
11.08	819.00
11.1	793.00
11.12	826.00
11.14	832.00
11.16	807.00
11.18	816.00
11.2	811.00
11.22	780.00
11.24	820.00
11.26	834.00
11.28	813.00
11.3	866.00
11.32	848.00
11.34	808.00
11.36	826.00
11.38	764.00
11.4	774.00
11.42	797.00
11.44	809.00
11.46	821.00
11.48	798.00
11.5	816.00
11.52	827.00
11.54	796.00
11.56	809.00
11.58	801.00
11.6	833.00
11.62	873.00
11.64	821.00
11.66	847.00
11.68	818.00
11.7	841.00
11.72	766.00
11.74	802.00
11.76	862.00
11.78	858.00
11.8	841.00
11.82	843.00
11.84	777.00
11.86	826.00
11.88	859.00
11.9	797.00
11.92	795.00
11.94	849.00
11.96	835.00
11.98	827.00
12	851.00
12.02	832.00
12.04	837.00
12.06	858.00
12.08	861.00
12.1	870.00
12.12	816.00
12.14	865.00
12.16	810.00
12.18	871.00
12.2	854.00
12.22	880.00
12.24	842.00
12.26	850.00
12.28	886.00
12.3	855.00
12.32	822.00
12.34	864.00
12.36	870.00
12.38	849.00
12.4	836.00
12.42	891.00
12.44	901.00
12.46	861.00
12.48	857.00
12.5	875.00
12.52	884.00
12.54	871.00
12.56	835.00
12.58	869.00
12.6	869.00
12.62	881.00
12.64	818.00
12.66	886.00
12.68	850.00
12.7	860.00
12.72	842.00
12.74	844.00
12.76	843.00
12.78	902.00
12.8	880.00
12.82	893.00
12.84	860.00
12.86	867.00
12.88	857.00
12.9	850.00
12.92	902.00
12.94	862.00
12.96	827.00
12.98	876.00
13	913.00
13.02	878.00
13.04	887.00
13.06	894.00
13.08	857.00
13.1	874.00
13.12	872.00
13.14	904.00
13.16	867.00
13.18	887.00
13.2	921.00
13.22	893.00
13.24	922.00
13.26	909.00
13.28	911.00
13.3	905.00
13.32	917.00
13.34	899.00
13.36	883.00
13.38	877.00
13.4	900.00
13.42	877.00
13.44	874.00
13.46	900.00
13.48	879.00
13.5	922.00
13.52	874.00
13.54	856.00
13.56	913.00
13.58	906.00
13.6	868.00
13.62	848.00
13.64	848.00
13.66	899.00
13.68	877.00
13.7	883.00
13.72	902.00
13.74	877.00
13.76	868.00
13.78	911.00
13.8	938.00
13.82	919.00
13.84	946.00
13.86	996.00
13.88	919.00
13.9	935.00
13.92	888.00
13.94	909.00
13.96	926.00
13.98	967.00
14	948.00
14.02	897.00
14.04	901.00
14.06	918.00
14.08	903.00
14.1	939.00
14.12	906.00
14.14	879.00
14.16	932.00
14.18	920.00
14.2	885.00
14.22	889.00
14.24	918.00
14.26	889.00
14.28	937.00
14.3	889.00
14.32	911.00
14.34	881.00
14.36	928.00
14.38	906.00
14.4	952.00
14.42	908.00
14.44	925.00
14.46	882.00
14.48	903.00
14.5	895.00
14.52	953.00
14.54	938.00
14.56	936.00
14.58	942.00
14.6	901.00
14.62	916.00
14.64	924.00
14.66	895.00
14.68	935.00
14.7	980.00
14.72	939.00
14.74	913.00
14.76	928.00
14.78	928.00
14.8	1006.00
14.82	944.00
14.84	947.00
14.86	905.00
14.88	990.00
14.9	939.00
14.92	889.00
14.94	945.00
14.96	906.00
14.98	917.00
15	968.00
15.02	949.00
15.04	972.00
15.06	925.00
15.08	946.00
15.1	921.00
15.12	867.00
15.14	913.00
15.16	959.00
15.18	979.00
15.2	932.00
15.22	964.00
15.24	966.00
15.26	950.00
15.28	936.00
15.3	937.00
15.32	966.00
15.34	946.00
15.36	1022.00
15.38	999.00
15.4	943.00
15.42	899.00
15.44	900.00
15.46	898.00
15.48	896.00
15.5	935.00
15.52	942.00
15.54	925.00
15.56	931.00
15.58	977.00
15.6	1023.00
15.62	982.00
15.64	1001.00
15.66	968.00
15.68	967.00
15.7	1015.00
15.72	973.00
15.74	1082.00
15.76	1027.00
15.78	980.00
15.8	983.00
15.82	981.00
15.84	963.00
15.86	1004.00
15.88	997.00
15.9	907.00
15.92	940.00
15.94	962.00
15.96	1001.00
15.98	930.00
16	969.00
16.02	993.00
16.04	997.00
16.06	964.00
16.08	974.00
16.1	957.00
16.12	949.00
16.14	930.00
16.16	949.00
16.18	935.00
16.2	994.00
16.22	941.00
16.24	927.00
16.26	955.00
16.28	935.00
16.3	926.00
16.32	939.00
16.34	950.00
16.36	939.00
16.38	973.00
16.4	905.00
16.42	918.00
16.44	939.00
16.46	969.00
16.48	971.00
16.5	1013.00
16.52	993.00
16.54	968.00
16.56	967.00
16.58	993.00
16.6	935.00
16.62	941.00
16.64	994.00
16.66	921.00
16.68	947.00
16.7	980.00
16.72	948.00
16.74	953.00
16.76	1001.00
16.78	963.00
16.8	981.00
16.82	953.00
16.84	1009.00
16.86	1003.00
16.88	961.00
16.9	975.00
16.92	978.00
16.94	994.00
16.96	1006.00
16.98	979.00
17	914.00
17.02	1011.00
17.04	1016.00
17.06	998.00
17.08	949.00
17.1	981.00
17.12	935.00
17.14	961.00
17.16	1007.00
17.18	990.00
17.2	977.00
17.22	1003.00
17.24	961.00
17.26	928.00
17.28	970.00
17.3	1026.00
17.32	991.00
17.34	1008.00
17.36	1035.00
17.38	1036.00
17.4	984.00
17.42	986.00
17.44	991.00
17.46	993.00
17.48	1026.00
17.5	980.00
17.52	1020.00
17.54	971.00
17.56	995.00
17.58	976.00
17.6	966.00
17.62	962.00
17.64	1000.00
17.66	1016.00
17.68	993.00
17.7	966.00
17.72	970.00
17.74	1004.00
17.76	957.00
17.78	961.00
17.8	992.00
17.82	1014.00
17.84	968.00
17.86	1006.00
17.88	960.00
17.9	954.00
17.92	1009.00
17.94	1019.00
17.96	1007.00
17.98	1011.00
18	976.00
18.02	983.00
18.04	1002.00
18.06	978.00
18.08	974.00
18.1	1041.00
18.12	1013.00
18.14	969.00
18.16	1009.00
18.18	969.00
18.2	950.00
18.22	958.00
18.24	966.00
18.26	1034.00
18.28	973.00
18.3	992.00
18.32	937.00
18.34	940.00
18.36	1013.00
18.38	964.00
18.4	950.00
18.42	973.00
18.44	987.00
18.46	964.00
18.48	1024.00
18.5	991.00
18.52	966.00
18.54	1000.00
18.56	988.00
18.58	976.00
18.6	1011.00
18.62	972.00
18.64	1031.00
18.66	1036.00
18.68	1035.00
18.7	958.00
18.72	926.00
18.74	1009.00
18.76	974.00
18.78	993.00
18.8	1030.00
18.82	965.00
18.84	964.00
18.86	979.00
18.88	994.00
18.9	978.00
18.92	1012.00
18.94	992.00
18.96	974.00
18.98	996.00
19	1014.00
19.02	1019.00
19.04	939.00
19.06	996.00
19.08	963.00
19.1	982.00
19.12	1034.00
19.14	1029.00
19.16	968.00
19.18	1025.00
19.2	1008.00
19.22	1023.00
19.24	932.00
19.26	992.00
19.28	964.00
19.3	964.00
19.32	996.00
19.34	1035.00
19.36	979.00
19.38	963.00
19.4	1012.00
19.42	950.00
19.44	993.00
19.46	1044.00
19.48	1004.00
19.5	979.00
19.52	998.00
19.54	982.00
19.56	923.00
19.58	1039.00
19.6	947.00
19.62	969.00
19.64	1031.00
19.66	991.00
19.68	1040.00
19.7	1029.00
19.72	1043.00
19.74	1056.00
19.76	985.00
19.78	993.00
19.8	987.00
19.82	948.00
19.84	984.00
19.86	1023.00
19.88	959.00
19.9	924.00
19.92	1007.00
19.94	1025.00
19.96	985.00
19.98	942.00
20	972.00
20.02	945.00
20.04	981.00
20.06	978.00
20.08	1014.00
20.1	999.00
20.12	953.00
20.14	934.00
20.16	977.00
20.18	944.00
20.2	991.00
20.22	968.00
20.24	945.00
20.26	994.00
20.28	986.00
20.3	932.00
20.32	927.00
20.34	1016.00
20.36	979.00
20.38	974.00
20.4	976.00
20.42	975.00
20.44	987.00
20.46	970.00
20.48	992.00
20.5	949.00
20.52	1019.00
20.54	1039.00
20.56	981.00
20.58	1009.00
20.6	987.00
20.62	933.00
20.64	1028.00
20.66	969.00
20.68	952.00
20.7	1035.00
20.72	1011.00
20.74	953.00
20.76	1000.00
20.78	944.00
20.8	973.00
20.82	989.00
20.84	1006.00
20.86	963.00
20.88	951.00
20.9	944.00
20.92	950.00
20.94	986.00
20.96	979.00
20.98	963.00
21	961.00
21.02	946.00
21.04	993.00
21.06	977.00
21.08	980.00
21.1	950.00
21.12	976.00
21.14	918.00
21.16	961.00
21.18	995.00
21.2	954.00
21.22	999.00
21.24	962.00
21.26	928.00
21.28	961.00
21.3	995.00
21.32	1000.00
21.34	982.00
21.36	1003.00
21.38	961.00
21.4	952.00
21.42	1015.00
21.44	935.00
21.46	962.00
21.48	939.00
21.5	992.00
21.52	930.00
21.54	953.00
21.56	992.00
21.58	983.00
21.6	988.00
21.62	960.00
21.64	978.00
21.66	949.00
21.68	949.00
21.7	988.00
21.72	940.00
21.74	943.00
21.76	916.00
21.78	971.00
21.8	956.00
21.82	965.00
21.84	954.00
21.86	957.00
21.88	901.00
21.9	945.00
21.92	952.00
21.94	960.00
21.96	980.00
21.98	946.00
22	985.00
22.02	947.00
22.04	939.00
22.06	935.00
22.08	934.00
22.1	987.00
22.12	972.00
22.14	947.00
22.16	950.00
22.18	946.00
22.2	965.00
22.22	943.00
22.24	958.00
22.26	952.00
22.28	924.00
22.3	949.00
22.32	922.00
22.34	923.00
22.36	927.00
22.38	947.00
22.4	943.00
22.42	923.00
22.44	943.00
22.46	963.00
22.48	865.00
22.5	951.00
22.52	983.00
22.54	986.00
22.56	924.00
22.58	928.00
22.6	887.00
22.62	895.00
22.64	914.00
22.66	945.00
22.68	909.00
22.7	947.00
22.72	931.00
22.74	941.00
22.76	878.00
22.78	904.00
22.8	894.00
22.82	906.00
22.84	944.00
22.86	1013.00
22.88	973.00
22.9	937.00
22.92	965.00
22.94	917.00
22.96	889.00
22.98	909.00
23	928.00
23.02	902.00
23.04	873.00
23.06	916.00
23.08	894.00
23.1	962.00
23.12	919.00
23.14	955.00
23.16	990.00
23.18	915.00
23.2	882.00
23.22	880.00
23.24	864.00
23.26	879.00
23.28	884.00
23.3	854.00
23.32	864.00
23.34	918.00
23.36	915.00
23.38	878.00
23.4	910.00
23.42	879.00
23.44	917.00
23.46	907.00
23.48	920.00
23.5	917.00
23.52	933.00
23.54	901.00
23.56	878.00
23.58	882.00
23.6	896.00
23.62	883.00
23.64	899.00
23.66	971.00
23.68	982.00
23.7	967.00
23.72	978.00
23.74	1024.00
23.76	986.00
23.78	1029.00
23.8	1006.00
23.82	1015.00
23.84	977.00
23.86	969.00
23.88	1013.00
23.9	1012.00
23.92	1010.00
23.94	946.00
23.96	987.00
23.98	1005.00
24	1031.00
24.02	1037.00
24.04	1009.00
24.06	1062.00
24.08	1006.00
24.1	1065.00
24.12	1074.00
24.14	1130.00
24.16	1102.00
24.18	1100.00
24.2	1208.00
24.22	1218.00
24.24	1251.00
24.26	1300.00
24.28	1462.00
24.3	1588.00
24.32	1704.00
24.34	1826.00
24.36	2071.00
24.38	2301.00
24.4	2683.00
24.42	3251.00
24.44	3827.00
24.46	4855.00
24.48	5596.00
24.5	6867.00
24.52	8319.00
24.54	9672.00
24.56	11123.00
24.58	12317.00
24.6	12899.00
24.62	13451.00
24.64	13050.00
24.66	12324.00
24.68	10891.00
24.7	9080.00
24.72	7313.00
24.74	5888.00
24.76	4460.00
24.78	3372.00
24.8	2606.00
24.82	2020.00
24.84	1713.00
24.86	1493.00
24.88	1351.00
24.9	1235.00
24.92	1209.00
24.94	1198.00
24.96	1171.00
24.98	1104.00
25	1090.00
25.02	1108.00
25.04	1120.00
25.06	1047.00
25.08	1053.00
25.1	1044.00
25.12	1045.00
25.14	1024.00
25.16	1004.00
25.18	923.00
25.2	960.00
25.22	950.00
25.24	926.00
25.26	934.00
25.28	998.00
25.3	967.00
25.32	954.00
25.34	938.00
25.36	951.00
25.38	941.00
25.4	926.00
25.42	955.00
25.44	910.00
25.46	947.00
25.48	983.00
25.5	949.00
25.52	1013.00
25.54	1005.00
25.56	1030.00
25.58	1035.00
25.6	1051.00
25.62	1068.00
25.64	1076.00
25.66	1071.00
25.68	1080.00
25.7	1051.00
25.72	1021.00
25.74	1011.00
25.76	976.00
25.78	942.00
25.8	902.00
25.82	941.00
25.84	875.00
25.86	902.00
25.88	894.00
25.9	907.00
25.92	907.00
25.94	896.00
25.96	875.00
25.98	864.00
26	830.00
26.02	865.00
26.04	940.00
26.06	869.00
26.08	871.00
26.1	876.00
26.12	890.00
26.14	823.00
26.16	894.00
26.18	875.00
26.2	865.00
26.22	856.00
26.24	790.00
26.26	867.00
26.28	836.00
26.3	851.00
26.32	863.00
26.34	832.00
26.36	852.00
26.38	890.00
26.4	830.00
26.42	794.00
26.44	843.00
26.46	861.00
26.48	833.00
26.5	852.00
26.52	867.00
26.54	854.00
26.56	879.00
26.58	800.00
26.6	846.00
26.62	864.00
26.64	815.00
26.66	792.00
26.68	802.00
26.7	837.00
26.72	841.00
26.74	839.00
26.76	818.00
26.78	798.00
26.8	845.00
26.82	822.00
26.84	874.00
26.86	846.00
26.88	792.00
26.9	897.00
26.92	845.00
26.94	811.00
26.96	818.00
26.98	821.00
27	838.00
27.02	843.00
27.04	808.00
27.06	806.00
27.08	824.00
27.1	818.00
27.12	872.00
27.14	806.00
27.16	904.00
27.18	886.00
27.2	852.00
27.22	859.00
27.24	868.00
27.26	848.00
27.28	914.00
27.3	910.00
27.32	870.00
27.34	882.00
27.36	823.00
27.38	871.00
27.4	883.00
27.42	881.00
27.44	849.00
27.46	868.00
27.48	805.00
27.5	796.00
27.52	734.00
27.54	788.00
27.56	774.00
27.58	795.00
27.6	804.00
27.62	820.00
27.64	781.00
27.66	794.00
27.68	802.00
27.7	808.00
27.72	800.00
27.74	795.00
27.76	811.00
27.78	792.00
27.8	811.00
27.82	789.00
27.84	809.00
27.86	806.00
27.88	764.00
27.9	754.00
27.92	797.00
27.94	800.00
27.96	810.00
27.98	772.00
28	764.00
28.02	763.00
28.04	825.00
28.06	808.00
28.08	787.00
28.1	731.00
28.12	779.00
28.14	793.00
28.16	808.00
28.18	783.00
28.2	782.00
28.22	779.00
28.24	796.00
28.26	835.00
28.28	816.00
28.3	775.00
28.32	806.00
28.34	826.00
28.36	869.00
28.38	882.00
28.4	961.00
28.42	971.00
28.44	1017.00
28.46	1044.00
28.48	1103.00
28.5	1146.00
28.52	1139.00
28.54	1152.00
28.56	1141.00
28.58	1116.00
28.6	1061.00
28.62	1008.00
28.64	983.00
28.66	953.00
28.68	874.00
28.7	840.00
28.72	819.00
28.74	788.00
28.76	736.00
28.78	778.00
28.8	769.00
28.82	802.00
28.84	762.00
28.86	748.00
28.88	791.00
28.9	794.00
28.92	708.00
28.94	753.00
28.96	804.00
28.98	773.00
29	744.00
29.02	788.00
29.04	752.00
29.06	773.00
29.08	722.00
29.1	739.00
29.12	742.00
29.14	740.00
29.16	724.00
29.18	773.00
29.2	748.00
29.22	805.00
29.24	749.00
29.26	729.00
29.28	748.00
29.3	695.00
29.32	752.00
29.34	805.00
29.36	763.00
29.38	766.00
29.4	766.00
29.42	776.00
29.44	777.00
29.46	752.00
29.48	764.00
29.5	777.00
29.52	756.00
29.54	755.00
29.56	765.00
29.58	710.00
29.6	778.00
29.62	745.00
29.64	800.00
29.66	726.00
29.68	720.00
29.7	737.00
29.72	749.00
29.74	757.00
29.76	744.00
29.78	730.00
29.8	739.00
29.82	765.00
29.84	760.00
29.86	738.00
29.88	714.00
29.9	778.00
29.92	771.00
29.94	699.00
29.96	727.00
29.98	708.00
30	754.00
30.02	762.00
30.04	739.00
30.06	750.00
30.08	779.00
30.1	757.00
30.12	699.00
30.14	742.00
30.16	767.00
30.18	701.00
30.2	702.00
30.22	723.00
30.24	718.00
30.26	723.00
30.28	762.00
30.3	751.00
30.32	748.00
30.34	709.00
30.36	712.00
30.38	773.00
30.4	754.00
30.42	732.00
30.44	723.00
30.46	739.00
30.48	708.00
30.5	708.00
30.52	714.00
30.54	742.00
30.56	739.00
30.58	709.00
30.6	741.00
30.62	724.00
30.64	748.00
30.66	734.00
30.68	654.00
30.7	716.00
30.72	747.00
30.74	747.00
30.76	759.00
30.78	725.00
30.8	698.00
30.82	674.00
30.84	701.00
30.86	717.00
30.88	737.00
30.9	721.00
30.92	666.00
30.94	694.00
30.96	710.00
30.98	714.00
31	703.00
31.02	741.00
31.04	752.00
31.06	713.00
31.08	716.00
31.1	738.00
31.12	721.00
31.14	688.00
31.16	717.00
31.18	674.00
31.2	706.00
31.22	717.00
31.24	729.00
31.26	723.00
31.28	714.00
31.3	734.00
31.32	708.00
31.34	687.00
31.36	682.00
31.38	666.00
31.4	732.00
31.42	671.00
31.44	674.00
31.46	721.00
31.48	688.00
31.5	708.00
31.52	710.00
31.54	699.00
31.56	686.00
31.58	723.00
31.6	694.00
31.62	700.00
31.64	684.00
31.66	679.00
31.68	713.00
31.7	734.00
31.72	677.00
31.74	717.00
31.76	682.00
31.78	686.00
31.8	689.00
31.82	707.00
31.84	708.00
31.86	659.00
31.88	717.00
31.9	721.00
31.92	713.00
31.94	715.00
31.96	668.00
31.98	690.00
32	685.00
32.02	671.00
32.04	727.00
32.06	686.00
32.08	705.00
32.1	714.00
32.12	703.00
32.14	674.00
32.16	688.00
32.18	676.00
32.2	682.00
32.22	717.00
32.24	698.00
32.26	677.00
32.28	693.00
32.3	673.00
32.32	656.00
32.34	693.00
32.36	681.00
32.38	696.00
32.4	710.00
32.42	754.00
32.44	709.00
32.46	710.00
32.48	691.00
32.5	678.00
32.52	713.00
32.54	710.00
32.56	674.00
32.58	781.00
32.6	698.00
32.62	726.00
32.64	786.00
32.66	797.00
32.68	848.00
32.7	817.00
32.72	935.00
32.74	965.00
32.76	1038.00
32.78	1049.00
32.8	1091.00
32.82	1094.00
32.84	1030.00
32.86	1039.00
32.88	1039.00
32.9	994.00
32.92	893.00
32.94	819.00
32.96	807.00
32.98	785.00
33	721.00
33.02	774.00
33.04	737.00
33.06	683.00
33.08	686.00
33.1	750.00
33.12	715.00
33.14	703.00
33.16	641.00
33.18	673.00
33.2	734.00
33.22	701.00
33.24	688.00
33.26	668.00
33.28	673.00
33.3	741.00
33.32	728.00
33.34	703.00
33.36	690.00
33.38	698.00
33.4	678.00
33.42	658.00
33.44	701.00
33.46	696.00
33.48	693.00
33.5	686.00
33.52	727.00
33.54	681.00
33.56	672.00
33.58	679.00
33.6	676.00
33.62	678.00
33.64	643.00
33.66	750.00
33.68	696.00
33.7	685.00
33.72	679.00
33.74	677.00
33.76	644.00
33.78	663.00
33.8	676.00
33.82	658.00
33.84	708.00
33.86	701.00
33.88	654.00
33.9	712.00
33.92	698.00
33.94	662.00
33.96	697.00
33.98	684.00
34	692.00
34.02	670.00
34.04	657.00
34.06	670.00
34.08	654.00
34.1	620.00
34.12	672.00
34.14	636.00
34.16	617.00
34.18	665.00
34.2	658.00
34.22	672.00
34.24	673.00
34.26	674.00
34.28	650.00
34.3	647.00
34.32	655.00
34.34	691.00
34.36	711.00
34.38	712.00
34.4	665.00
34.42	703.00
34.44	663.00
34.46	667.00
34.48	684.00
34.5	654.00
34.52	654.00
34.54	666.00
34.56	700.00
34.58	681.00
34.6	651.00
34.62	692.00
34.64	698.00
34.66	678.00
34.68	662.00
34.7	706.00
34.72	693.00
34.74	672.00
34.76	698.00
34.78	645.00
34.8	681.00
34.82	685.00
34.84	657.00
34.86	700.00
34.88	633.00
34.9	671.00
34.92	691.00
34.94	652.00
34.96	683.00
34.98	667.00
35	715.00
35.02	680.00
35.04	634.00
35.06	678.00
35.08	680.00
35.1	662.00
35.12	701.00
35.14	712.00
35.16	669.00
35.18	660.00
35.2	621.00
35.22	669.00
35.24	714.00
35.26	659.00
35.28	667.00
35.3	667.00
35.32	622.00
35.34	627.00
35.36	725.00
35.38	703.00
35.4	660.00
35.42	642.00
35.44	685.00
35.46	668.00
35.48	676.00
35.5	684.00
35.52	669.00
35.54	664.00
35.56	688.00
35.58	641.00
35.6	692.00
35.62	669.00
35.64	635.00
35.66	694.00
35.68	675.00
35.7	638.00
35.72	644.00
35.74	634.00
35.76	659.00
35.78	673.00
35.8	669.00
35.82	663.00
35.84	662.00
35.86	670.00
35.88	671.00
35.9	648.00
35.92	661.00
35.94	646.00
35.96	637.00
35.98	667.00
36	659.00
36.02	662.00
36.04	637.00
36.06	657.00
36.08	634.00
36.1	685.00
36.12	655.00
36.14	691.00
36.16	680.00
36.18	637.00
36.2	651.00
36.22	665.00
36.24	618.00
36.26	664.00
36.28	666.00
36.3	649.00
36.32	630.00
36.34	674.00
36.36	598.00
36.38	595.00
36.4	681.00
36.42	678.00
36.44	661.00
36.46	653.00
36.48	707.00
36.5	672.00
36.52	685.00
36.54	670.00
36.56	667.00
36.58	652.00
36.6	631.00
36.62	601.00
36.64	617.00
36.66	653.00
36.68	665.00
36.7	632.00
36.72	628.00
36.74	670.00
36.76	680.00
36.78	682.00
36.8	657.00
36.82	676.00
36.84	636.00
36.86	626.00
36.88	644.00
36.9	690.00
36.92	660.00
36.94	676.00
36.96	692.00
36.98	695.00
37	667.00
37.02	641.00
37.04	658.00
37.06	655.00
37.08	629.00
37.1	689.00
37.12	648.00
37.14	665.00
37.16	613.00
37.18	705.00
37.2	718.00
37.22	615.00
37.24	623.00
37.26	628.00
37.28	679.00
37.3	659.00
37.32	655.00
37.34	651.00
37.36	638.00
37.38	657.00
37.4	654.00
37.42	680.00
37.44	642.00
37.46	679.00
37.48	654.00
37.5	672.00
37.52	682.00
37.54	680.00
37.56	614.00
37.58	623.00
37.6	688.00
37.62	660.00
37.64	634.00
37.66	629.00
37.68	620.00
37.7	643.00
37.72	675.00
37.74	661.00
37.76	655.00
37.78	664.00
37.8	689.00
37.82	625.00
37.84	679.00
37.86	663.00
37.88	675.00
37.9	673.00
37.92	661.00
37.94	677.00
37.96	672.00
37.98	671.00
38	677.00
38.02	683.00
38.04	679.00
38.06	685.00
38.08	683.00
38.1	648.00
38.12	687.00
38.14	674.00
38.16	661.00
38.18	672.00
38.2	687.00
38.22	678.00
38.24	629.00
38.26	625.00
38.28	684.00
38.3	668.00
38.32	671.00
38.34	668.00
38.36	660.00
38.38	674.00
38.4	633.00
38.42	630.00
38.44	649.00
38.46	681.00
38.48	633.00
38.5	677.00
38.52	650.00
38.54	667.00
38.56	642.00
38.58	674.00
38.6	675.00
38.62	659.00
38.64	712.00
38.66	706.00
38.68	696.00
38.7	719.00
38.72	720.00
38.74	718.00
38.76	802.00
38.78	770.00
38.8	796.00
38.82	841.00
38.84	879.00
38.86	800.00
38.88	799.00
38.9	851.00
38.92	860.00
38.94	845.00
38.96	815.00
38.98	835.00
39	764.00
39.02	729.00
39.04	736.00
39.06	686.00
39.08	673.00
39.1	739.00
39.12	720.00
39.14	672.00
39.16	642.00
39.18	672.00
39.2	681.00
39.22	656.00
39.24	652.00
39.26	661.00
39.28	670.00
39.3	653.00
39.32	639.00
39.34	715.00
39.36	685.00
39.38	682.00
39.4	682.00
39.42	702.00
39.44	713.00
39.46	703.00
39.48	698.00
39.5	719.00
39.52	722.00
39.54	696.00
39.56	711.00
39.58	703.00
39.6	687.00
39.62	718.00
39.64	664.00
39.66	687.00
39.68	709.00
39.7	721.00
39.72	724.00
39.74	693.00
39.76	738.00
39.78	753.00
39.8	698.00
39.82	702.00
39.84	724.00
39.86	723.00
39.88	738.00
39.9	650.00
39.92	720.00
39.94	724.00
39.96	731.00
39.98	764.00
40	772.00
40.02	755.00
40.04	765.00
40.06	728.00
40.08	749.00
40.1	746.00
40.12	779.00
40.14	721.00
40.16	753.00
40.18	779.00
40.2	737.00
40.22	718.00
40.24	717.00
40.26	742.00
40.28	759.00
40.3	770.00
40.32	793.00
40.34	842.00
40.36	785.00
40.38	835.00
40.4	829.00
40.42	885.00
40.44	819.00
40.46	885.00
40.48	925.00
40.5	935.00
40.52	968.00
40.54	982.00
40.56	1035.00
40.58	1090.00
40.6	1138.00
40.62	1272.00
40.64	1332.00
40.66	1524.00
40.68	1765.00
40.7	2202.00
40.72	2622.00
40.74	3224.00
40.76	3835.00
40.78	4892.00
40.8	6132.00
40.82	7302.00
40.84	8177.00
40.86	9026.00
40.88	9224.00
40.9	9517.00
40.92	9434.00
40.94	9219.00
40.96	9021.00
40.98	8235.00
41	7481.00
41.02	6474.00
41.04	5578.00
41.06	4813.00
41.08	4024.00
41.1	3330.00
41.12	2750.00
41.14	2380.00
41.16	1969.00
41.18	1676.00
41.2	1435.00
41.22	1273.00
41.24	1194.00
41.26	1001.00
41.28	1039.00
41.3	1042.00
41.32	904.00
41.34	875.00
41.36	882.00
41.38	912.00
41.4	853.00
41.42	813.00
41.44	781.00
41.46	803.00
41.48	798.00
41.5	784.00
41.52	725.00
41.54	746.00
41.56	773.00
41.58	741.00
41.6	729.00
41.62	751.00
41.64	723.00
41.66	722.00
41.68	722.00
41.7	713.00
41.72	700.00
41.74	666.00
41.76	721.00
41.78	767.00
41.8	738.00
41.82	700.00
41.84	734.00
41.86	694.00
41.88	674.00
41.9	698.00
41.92	691.00
41.94	712.00
41.96	664.00
41.98	700.00
42	679.00
42.02	652.00
42.04	710.00
42.06	668.00
42.08	698.00
42.1	679.00
42.12	703.00
42.14	667.00
42.16	671.00
42.18	679.00
42.2	708.00
42.22	630.00
42.24	715.00
42.26	665.00
42.28	672.00
42.3	654.00
42.32	667.00
42.34	643.00
42.36	653.00
42.38	658.00
42.4	644.00
42.42	671.00
42.44	687.00
42.46	654.00
42.48	649.00
42.5	663.00
42.52	640.00
42.54	652.00
42.56	664.00
42.58	657.00
42.6	671.00
42.62	657.00
42.64	646.00
42.66	715.00
42.68	704.00
42.7	674.00
42.72	688.00
42.74	642.00
42.76	631.00
42.78	688.00
42.8	659.00
42.82	631.00
42.84	638.00
42.86	670.00
42.88	644.00
42.9	640.00
42.92	712.00
42.94	648.00
42.96	679.00
42.98	659.00
43	679.00
43.02	677.00
43.04	680.00
43.06	641.00
43.08	656.00
43.1	687.00
43.12	666.00
43.14	654.00
43.16	672.00
43.18	648.00
43.2	666.00
43.22	648.00
43.24	655.00
43.26	692.00
43.28	668.00
43.3	658.00
43.32	680.00
43.34	671.00
43.36	628.00
43.38	675.00
43.4	657.00
43.42	666.00
43.44	606.00
43.46	661.00
43.48	644.00
43.5	639.00
43.52	647.00
43.54	659.00
43.56	594.00
43.58	630.00
43.6	706.00
43.62	658.00
43.64	659.00
43.66	620.00
43.68	657.00
43.7	678.00
43.72	647.00
43.74	629.00
43.76	632.00
43.78	630.00
43.8	672.00
43.82	706.00
43.84	667.00
43.86	649.00
43.88	652.00
43.9	629.00
43.92	661.00
43.94	631.00
43.96	667.00
43.98	700.00
44	719.00
44.02	733.00
44.04	749.00
44.06	774.00
44.08	797.00
44.1	798.00
44.12	800.00
44.14	786.00
44.16	796.00
44.18	759.00
44.2	793.00
44.22	774.00
44.24	786.00
44.26	710.00
44.28	746.00
44.3	716.00
44.32	663.00
44.34	680.00
44.36	703.00
44.38	700.00
44.4	687.00
44.42	666.00
44.44	630.00
44.46	647.00
44.48	615.00
44.5	636.00
44.52	674.00
44.54	600.00
44.56	621.00
44.58	622.00
44.6	638.00
44.62	644.00
44.64	635.00
44.66	635.00
44.68	642.00
44.7	656.00
44.72	637.00
44.74	631.00
44.76	641.00
44.78	624.00
44.8	626.00
44.82	658.00
44.84	626.00
44.86	629.00
44.88	623.00
44.9	622.00
44.92	616.00
44.94	674.00
44.96	664.00
44.98	606.00
45	642.00
45.02	638.00
45.04	635.00
45.06	620.00
45.08	637.00
45.1	645.00
45.12	624.00
45.14	617.00
45.16	628.00
45.18	612.00
45.2	607.00
45.22	629.00
45.24	641.00
45.26	601.00
45.28	591.00
45.3	639.00
45.32	645.00
45.34	626.00
45.36	603.00
45.38	582.00
45.4	620.00
45.42	618.00
45.44	595.00
45.46	612.00
45.48	637.00
45.5	642.00
45.52	667.00
45.54	654.00
45.56	633.00
45.58	591.00
45.6	598.00
45.62	644.00
45.64	628.00
45.66	604.00
45.68	666.00
45.7	624.00
45.72	648.00
45.74	581.00
45.76	607.00
45.78	610.00
45.8	618.00
45.82	640.00
45.84	635.00
45.86	614.00
45.88	637.00
45.9	620.00
45.92	656.00
45.94	596.00
45.96	613.00
45.98	607.00
46	616.00
46.02	626.00
46.04	599.00
46.06	629.00
46.08	611.00
46.1	615.00
46.12	595.00
46.14	614.00
46.16	623.00
46.18	663.00
46.2	615.00
46.22	623.00
46.24	605.00
46.26	624.00
46.28	651.00
46.3	643.00
46.32	639.00
46.34	647.00
46.36	616.00
46.38	619.00
46.4	625.00
46.42	650.00
46.44	588.00
46.46	639.00
46.48	658.00
46.5	632.00
46.52	598.00
46.54	649.00
46.56	638.00
46.58	632.00
46.6	636.00
46.62	637.00
46.64	606.00
46.66	652.00
46.68	651.00
46.7	659.00
46.72	706.00
46.74	647.00
46.76	608.00
46.78	661.00
46.8	621.00
46.82	626.00
46.84	652.00
46.86	660.00
46.88	677.00
46.9	646.00
46.92	668.00
46.94	671.00
46.96	637.00
46.98	620.00
47	628.00
47.02	673.00
47.04	647.00
47.06	648.00
47.08	621.00
47.1	667.00
47.12	641.00
47.14	636.00
47.16	627.00
47.18	649.00
47.2	624.00
47.22	631.00
47.24	629.00
47.26	654.00
47.28	657.00
47.3	630.00
47.32	647.00
47.34	666.00
47.36	647.00
47.38	677.00
47.4	633.00
47.42	650.00
47.44	635.00
47.46	661.00
47.48	628.00
47.5	615.00
47.52	672.00
47.54	699.00
47.56	676.00
47.58	649.00
47.6	661.00
47.62	655.00
47.64	650.00
47.66	626.00
47.68	620.00
47.7	669.00
47.72	675.00
47.74	673.00
47.76	669.00
47.78	645.00
47.8	637.00
47.82	718.00
47.84	755.00
47.86	751.00
47.88	696.00
47.9	682.00
47.92	714.00
47.94	764.00
47.96	734.00
47.98	742.00
48	791.00
48.02	788.00
48.04	816.00
48.06	833.00
48.08	804.00
48.1	867.00
48.12	948.00
48.14	1028.00
48.16	1050.00
48.18	1134.00
48.2	1279.00
48.22	1494.00
48.24	1822.00
48.26	2193.00
48.28	2716.00
48.3	3277.00
48.32	3897.00
48.34	4454.00
48.36	5209.00
48.38	5536.00
48.4	5803.00
48.42	5912.00
48.44	5811.00
48.46	5767.00
48.48	5714.00
48.5	5547.00
48.52	5272.00
48.54	4816.00
48.56	4468.00
48.58	3888.00
48.6	3362.00
48.62	2955.00
48.64	2589.00
48.66	2221.00
48.68	1916.00
48.7	1710.00
48.72	1446.00
48.74	1311.00
48.76	1140.00
48.78	996.00
48.8	930.00
48.82	912.00
48.84	835.00
48.86	813.00
48.88	785.00
48.9	780.00
48.92	783.00
48.94	741.00
48.96	757.00
48.98	776.00
49	765.00
49.02	746.00
49.04	740.00
49.06	712.00
49.08	728.00
49.1	755.00
49.12	715.00
49.14	699.00
49.16	685.00
49.18	651.00
49.2	690.00
49.22	658.00
49.24	696.00
49.26	726.00
49.28	686.00
49.3	693.00
49.32	655.00
49.34	637.00
49.36	639.00
49.38	611.00
49.4	645.00
49.42	650.00
49.44	642.00
49.46	641.00
49.48	685.00
49.5	658.00
49.52	628.00
49.54	658.00
49.56	636.00
49.58	636.00
49.6	669.00
49.62	628.00
49.64	599.00
49.66	630.00
49.68	617.00
49.7	613.00
49.72	614.00
49.74	605.00
49.76	621.00
49.78	582.00
49.8	591.00
49.82	610.00
49.84	600.00
49.86	678.00
49.88	585.00
49.9	579.00
49.92	602.00
49.94	622.00
49.96	593.00
49.98	602.00
50	582.00
50.02	602.00
50.04	630.00
50.06	625.00
50.08	624.00
50.1	588.00
50.12	614.00
50.14	623.00
50.16	608.00
50.18	577.00
50.2	573.00
50.22	575.00
50.24	623.00
50.26	600.00
50.28	613.00
50.3	605.00
50.32	601.00
50.34	556.00
50.36	612.00
50.38	608.00
50.4	619.00
50.42	589.00
50.44	610.00
50.46	597.00
50.48	608.00
50.5	578.00
50.52	633.00
50.54	592.00
50.56	603.00
50.58	631.00
50.6	597.00
50.62	663.00
50.64	691.00
50.66	662.00
50.68	624.00
50.7	677.00
50.72	675.00
50.74	674.00
50.76	625.00
50.78	694.00
50.8	702.00
50.82	676.00
50.84	673.00
50.86	689.00
50.88	638.00
50.9	660.00
50.92	666.00
50.94	657.00
50.96	666.00
50.98	607.00
51	630.00
51.02	656.00
51.04	632.00
51.06	597.00
51.08	641.00
51.1	608.00
51.12	597.00
51.14	630.00
51.16	643.00
51.18	600.00
51.2	624.00
51.22	561.00
51.24	602.00
51.26	600.00
51.28	622.00
51.3	576.00
51.32	571.00
51.34	614.00
51.36	589.00
51.38	590.00
51.4	561.00
51.42	587.00
51.44	565.00
51.46	565.00
51.48	567.00
51.5	591.00
51.52	581.00
51.54	594.00
51.56	542.00
51.58	597.00
51.6	613.00
51.62	565.00
51.64	597.00
51.66	587.00
51.68	617.00
51.7	582.00
51.72	599.00
51.74	531.00
51.76	577.00
51.78	561.00
51.8	526.00
51.82	599.00
51.84	592.00
51.86	567.00
51.88	572.00
51.9	549.00
51.92	561.00
51.94	606.00
51.96	603.00
51.98	567.00
52	550.00
52.02	544.00
52.04	535.00
52.06	545.00
52.08	556.00
52.1	577.00
52.12	567.00
52.14	568.00
52.16	576.00
52.18	581.00
52.2	617.00
52.22	587.00
52.24	544.00
52.26	592.00
52.28	578.00
52.3	543.00
52.32	558.00
52.34	574.00
52.36	582.00
52.38	567.00
52.4	595.00
52.42	581.00
52.44	532.00
52.46	580.00
52.48	579.00
52.5	551.00
52.52	551.00
52.54	558.00
52.56	558.00
52.58	583.00
52.6	570.00
52.62	571.00
52.64	573.00
52.66	583.00
52.68	560.00
52.7	510.00
52.72	542.00
52.74	530.00
52.76	565.00
52.78	599.00
52.8	591.00
52.82	576.00
52.84	583.00
52.86	577.00
52.88	576.00
52.9	577.00
52.92	583.00
52.94	561.00
52.96	576.00
52.98	567.00
53	558.00
53.02	591.00
53.04	595.00
53.06	554.00
53.08	571.00
53.1	554.00
53.12	569.00
53.14	593.00
53.16	579.00
53.18	565.00
53.2	580.00
53.22	579.00
53.24	615.00
53.26	569.00
53.28	565.00
53.3	554.00
53.32	548.00
53.34	596.00
53.36	570.00
53.38	569.00
53.4	615.00
53.42	603.00
53.44	592.00
53.46	574.00
53.48	610.00
53.5	612.00
53.52	602.00
53.54	545.00
53.56	574.00
53.58	593.00
53.6	599.00
53.62	613.00
53.64	578.00
53.66	592.00
53.68	585.00
53.7	572.00
53.72	605.00
53.74	590.00
53.76	575.00
53.78	563.00
53.8	571.00
53.82	564.00
53.84	538.00
53.86	535.00
53.88	596.00
53.9	549.00
53.92	543.00
53.94	574.00
53.96	555.00
53.98	563.00
54	551.00
54.02	544.00
54.04	580.00
54.06	553.00
54.08	538.00
54.1	500.00
54.12	505.00
54.14	562.00
54.16	566.00
54.18	547.00
54.2	580.00
54.22	549.00
54.24	528.00
54.26	576.00
54.28	554.00
54.3	567.00
54.32	547.00
54.34	539.00
54.36	562.00
54.38	526.00
54.4	545.00
54.42	550.00
54.44	519.00
54.46	571.00
54.48	587.00
54.5	565.00
54.52	587.00
54.54	560.00
54.56	601.00
54.58	588.00
54.6	610.00
54.62	565.00
54.64	545.00
54.66	565.00
54.68	546.00
54.7	554.00
54.72	571.00
54.74	543.00
54.76	539.00
54.78	563.00
54.8	565.00
54.82	573.00
54.84	553.00
54.86	557.00
54.88	602.00
54.9	569.00
54.92	551.00
54.94	540.00
54.96	578.00
54.98	568.00
55	595.00
55.02	539.00
55.04	584.00
55.06	546.00
55.08	529.00
55.1	559.00
55.12	575.00
55.14	555.00
55.16	557.00
55.18	561.00
55.2	538.00
55.22	558.00
55.24	552.00
55.26	531.00
55.28	525.00
55.3	571.00
55.32	600.00
55.34	590.00
55.36	510.00
55.38	540.00
55.4	586.00
55.42	580.00
55.44	567.00
55.46	562.00
55.48	566.00
55.5	547.00
55.52	515.00
55.54	532.00
55.56	571.00
55.58	541.00
55.6	571.00
55.62	582.00
55.64	556.00
55.66	563.00
55.68	548.00
55.7	578.00
55.72	536.00
55.74	515.00
55.76	526.00
55.78	559.00
55.8	557.00
55.82	562.00
55.84	537.00
55.86	544.00
55.88	536.00
55.9	515.00
55.92	576.00
55.94	536.00
55.96	562.00
55.98	576.00
56	531.00
56.02	589.00
56.04	556.00
56.06	523.00
56.08	557.00
56.1	550.00
56.12	551.00
56.14	526.00
56.16	577.00
56.18	539.00
56.2	559.00
56.22	546.00
56.24	541.00
56.26	553.00
56.28	561.00
56.3	581.00
56.32	562.00
56.34	555.00
56.36	555.00
56.38	552.00
56.4	552.00
56.42	572.00
56.44	557.00
56.46	566.00
56.48	545.00
56.5	537.00
56.52	563.00
56.54	557.00
56.56	564.00
56.58	604.00
56.6	544.00
56.62	544.00
56.64	560.00
56.66	559.00
56.68	555.00
56.7	563.00
56.72	580.00
56.74	572.00
56.76	569.00
56.78	562.00
56.8	578.00
56.82	571.00
56.84	558.00
56.86	556.00
56.88	558.00
56.9	562.00
56.92	570.00
56.94	510.00
56.96	587.00
56.98	565.00
57	522.00
57.02	549.00
57.04	566.00
57.06	543.00
57.08	546.00
57.1	547.00
57.12	566.00
57.14	558.00
57.16	555.00
57.18	596.00
57.2	559.00
57.22	598.00
57.24	555.00
57.26	559.00
57.28	513.00
57.3	561.00
57.32	592.00
57.34	583.00
57.36	572.00
57.38	546.00
57.4	594.00
57.42	534.00
57.44	545.00
57.46	597.00
57.48	551.00
57.5	576.00
57.52	598.00
57.54	545.00
57.56	572.00
57.58	571.00
57.6	601.00
57.62	641.00
57.64	572.00
57.66	590.00
57.68	644.00
57.7	609.00
57.72	708.00
57.74	664.00
57.76	680.00
57.78	664.00
57.8	668.00
57.82	693.00
57.84	666.00
57.86	634.00
57.88	666.00
57.9	687.00
57.92	653.00
57.94	650.00
57.96	655.00
57.98	661.00
58	622.00
58.02	603.00
58.04	584.00
58.06	619.00
58.08	573.00
58.1	563.00
58.12	560.00
58.14	560.00
58.16	592.00
58.18	536.00
58.2	563.00
58.22	556.00
58.24	538.00
58.26	555.00
58.28	588.00
58.3	573.00
58.32	542.00
58.34	542.00
58.36	554.00
58.38	557.00
58.4	596.00
58.42	554.00
58.44	575.00
58.46	570.00
58.48	583.00
58.5	545.00
58.52	568.00
58.54	553.00
58.56	567.00
58.58	572.00
58.6	591.00
58.62	538.00
58.64	579.00
58.66	611.00
58.68	550.00
58.7	568.00
58.72	578.00
58.74	570.00
58.76	595.00
58.78	584.00
58.8	606.00
58.82	559.00
58.84	563.00
58.86	519.00
58.88	595.00
58.9	613.00
58.92	600.00
58.94	592.00
58.96	599.00
58.98	626.00
59	593.00
59.02	594.00
59.04	578.00
59.06	611.00
59.08	671.00
59.1	669.00
59.12	680.00
59.14	755.00
59.16	851.00
59.18	937.00
59.2	997.00
59.22	1135.00
59.24	1240.00
59.26	1349.00
59.28	1437.00
59.3	1505.00
59.32	1567.00
59.34	1612.00
59.36	1636.00
59.38	1665.00
59.4	1659.00
59.42	1593.00
59.44	1601.00
59.46	1548.00
59.48	1523.00
59.5	1475.00
59.52	1369.00
59.54	1254.00
59.56	1166.00
59.58	1114.00
59.6	1089.00
59.62	970.00
59.64	883.00
59.66	896.00
59.68	772.00
59.7	752.00
59.72	712.00
59.74	648.00
59.76	658.00
59.78	669.00
59.8	671.00
59.82	623.00
59.84	614.00
59.86	608.00
59.88	602.00
59.9	626.00
59.92	549.00
59.94	583.00
59.96	564.00
59.98	597.00
60	531.00
60.02	559.00
60.04	561.00
60.06	581.00
60.08	554.00
60.1	578.00
60.12	577.00
60.14	539.00
60.16	527.00
60.18	553.00
60.2	532.00
60.22	543.00
60.24	542.00
60.26	511.00
60.28	526.00
60.3	541.00
60.32	512.00
60.34	563.00
60.36	550.00
60.38	568.00
60.4	544.00
60.42	563.00
60.44	560.00
60.46	567.00
60.48	556.00
60.5	556.00
60.52	507.00
60.54	551.00
60.56	560.00
60.58	603.00
60.6	543.00
60.62	518.00
60.64	524.00
60.66	517.00
60.68	538.00
60.7	513.00
60.72	567.00
60.74	563.00
60.76	560.00
60.78	562.00
60.8	595.00
60.82	538.00
60.84	526.00
60.86	481.00
60.88	530.00
60.9	562.00
60.92	580.00
60.94	515.00
60.96	577.00
60.98	577.00
61	554.00
61.02	517.00
61.04	552.00
61.06	509.00
61.08	536.00
61.1	548.00
61.12	550.00
61.14	544.00
61.16	568.00
61.18	532.00
61.2	512.00
61.22	497.00
61.24	538.00
61.26	502.00
61.28	532.00
61.3	545.00
61.32	534.00
61.34	532.00
61.36	515.00
61.38	513.00
61.4	552.00
61.42	583.00
61.44	531.00
61.46	598.00
61.48	573.00
61.5	512.00
61.52	537.00
61.54	510.00
61.56	543.00
61.58	535.00
61.6	596.00
61.62	515.00
61.64	540.00
61.66	560.00
61.68	607.00
61.7	553.00
61.72	551.00
61.74	573.00
61.76	591.00
61.78	601.00
61.8	589.00
61.82	612.00
61.84	634.00
61.86	634.00
61.88	626.00
61.9	652.00
61.92	640.00
61.94	603.00
61.96	634.00
61.98	618.00
62	635.00
62.02	671.00
62.04	587.00
62.06	620.00
62.08	568.00
62.1	596.00
62.12	607.00
62.14	570.00
62.16	591.00
62.18	593.00
62.2	620.00
62.22	576.00
62.24	551.00
62.26	546.00
62.28	532.00
62.3	549.00
62.32	574.00
62.34	531.00
62.36	558.00
62.38	530.00
62.4	550.00
62.42	530.00
62.44	570.00
62.46	554.00
62.48	549.00
62.5	513.00
62.52	555.00
62.54	538.00
62.56	556.00
62.58	549.00
62.6	546.00
62.62	563.00
62.64	568.00
62.66	572.00
62.68	581.00
62.7	527.00
62.72	542.00
62.74	577.00
62.76	545.00
62.78	535.00
62.8	551.00
62.82	562.00
62.84	578.00
62.86	563.00
62.88	562.00
62.9	535.00
62.92	556.00
62.94	547.00
62.96	537.00
62.98	565.00
63	554.00
63.02	497.00
63.04	545.00
63.06	550.00
63.08	556.00
63.1	526.00
63.12	539.00
63.14	528.00
63.16	530.00
63.18	585.00
63.2	533.00
63.22	559.00
63.24	551.00
63.26	538.00
63.28	573.00
63.3	542.00
63.32	576.00
63.34	575.00
63.36	525.00
63.38	573.00
63.4	513.00
63.42	542.00
63.44	546.00
63.46	539.00
63.48	540.00
63.5	541.00
63.52	538.00
63.54	562.00
63.56	594.00
63.58	556.00
63.6	551.00
63.62	535.00
63.64	539.00
63.66	550.00
63.68	550.00
63.7	541.00
63.72	522.00
63.74	532.00
63.76	573.00
63.78	539.00
63.8	566.00
63.82	573.00
63.84	551.00
63.86	549.00
63.88	567.00
63.9	549.00
63.92	552.00
63.94	526.00
63.96	531.00
63.98	556.00
64	529.00
64.02	524.00
64.04	546.00
64.06	546.00
64.08	600.00
64.1	564.00
64.12	553.00
64.14	552.00
64.16	541.00
64.18	562.00
64.2	531.00
64.22	536.00
64.24	546.00
64.26	586.00
64.28	521.00
64.3	530.00
64.32	551.00
64.34	582.00
64.36	599.00
64.38	527.00
64.4	534.00
64.42	566.00
64.44	627.00
64.46	609.00
64.48	561.00
64.5	566.00
64.52	534.00
64.54	565.00
64.56	559.00
64.58	583.00
64.6	572.00
64.62	575.00
64.64	559.00
64.66	538.00
64.68	571.00
64.7	528.00
64.72	560.00
64.74	567.00
64.76	598.00
64.78	613.00
64.8	599.00
64.82	637.00
64.84	572.00
64.86	578.00
64.88	610.00
64.9	636.00
64.92	639.00
64.94	651.00
64.96	651.00
64.98	635.00
65	704.00
65.02	659.00
65.04	626.00
65.06	675.00
65.08	708.00
65.1	803.00
65.12	853.00
65.14	931.00
65.16	1052.00
65.18	1234.00
65.2	1417.00
65.22	1651.00
65.24	1869.00
65.26	2058.00
65.28	2183.00
65.3	2326.00
65.32	2293.00
65.34	2351.00
65.36	2326.00
65.38	2227.00
65.4	2311.00
65.42	2286.00
65.44	2306.00
65.46	2199.00
65.48	2214.00
65.5	2069.00
65.52	1988.00
65.54	1847.00
65.56	1731.00
65.58	1684.00
65.6	1468.00
65.62	1397.00
65.64	1294.00
65.66	1233.00
65.68	1160.00
65.7	1101.00
65.72	1019.00
65.74	1003.00
65.76	972.00
65.78	862.00
65.8	922.00
65.82	804.00
65.84	823.00
65.86	764.00
65.88	774.00
65.9	754.00
65.92	729.00
65.94	761.00
65.96	678.00
65.98	706.00
66	661.00
66.02	654.00
66.04	671.00
66.06	629.00
66.08	658.00
66.1	614.00
66.12	643.00
66.14	618.00
66.16	602.00
66.18	621.00
66.2	580.00
66.22	564.00
66.24	594.00
66.26	573.00
66.28	582.00
66.3	569.00
66.32	530.00
66.34	554.00
66.36	531.00
66.38	563.00
66.4	599.00
66.42	550.00
66.44	559.00
66.46	543.00
66.48	552.00
66.5	535.00
66.52	522.00
66.54	553.00
66.56	518.00
66.58	520.00
66.6	537.00
66.62	537.00
66.64	556.00
66.66	562.00
66.68	567.00
66.7	546.00
66.72	553.00
66.74	572.00
66.76	543.00
66.78	558.00
66.8	508.00
66.82	557.00
66.84	567.00
66.86	527.00
66.88	556.00
66.9	530.00
66.92	551.00
66.94	520.00
66.96	527.00
66.98	542.00
67	532.00
67.02	499.00
67.04	598.00
67.06	562.00
67.08	562.00
67.1	589.00
67.12	571.00
67.14	622.00
67.16	632.00
67.18	634.00
67.2	586.00
67.22	602.00
67.24	616.00
67.26	612.00
67.28	627.00
67.3	588.00
67.32	587.00
67.34	602.00
67.36	584.00
67.38	621.00
67.4	631.00
67.42	616.00
67.44	619.00
67.46	596.00
67.48	585.00
67.5	581.00
67.52	619.00
67.54	575.00
67.56	528.00
67.58	562.00
67.6	596.00
67.62	584.00
67.64	518.00
67.66	583.00
67.68	562.00
67.7	528.00
67.72	563.00
67.74	574.00
67.76	544.00
67.78	549.00
67.8	526.00
67.82	541.00
67.84	585.00
67.86	573.00
67.88	551.00
67.9	539.00
67.92	512.00
67.94	522.00
67.96	513.00
67.98	569.00
68	554.00
68.02	550.00
68.04	512.00
68.06	549.00
68.08	557.00
68.1	549.00
68.12	528.00
68.14	501.00
68.16	516.00
68.18	523.00
68.2	517.00
68.22	510.00
68.24	555.00
68.26	543.00
68.28	538.00
68.3	518.00
68.32	497.00
68.34	547.00
68.36	508.00
68.38	519.00
68.4	545.00
68.42	526.00
68.44	526.00
68.46	527.00
68.48	530.00
68.5	559.00
68.52	519.00
68.54	568.00
68.56	542.00
68.58	510.00
68.6	499.00
68.62	529.00
68.64	525.00
68.66	532.00
68.68	496.00
68.7	535.00
68.72	536.00
68.74	570.00
68.76	540.00
68.78	539.00
68.8	507.00
68.82	517.00
68.84	555.00
68.86	489.00
68.88	505.00
68.9	525.00
68.92	541.00
68.94	518.00
68.96	507.00
68.98	534.00
69	513.00
69.02	560.00
69.04	526.00
69.06	513.00
69.08	544.00
69.1	542.00
69.12	513.00
69.14	537.00
69.16	504.00
69.18	508.00
69.2	514.00
69.22	507.00
69.24	545.00
69.26	538.00
69.28	507.00
69.3	541.00
69.32	568.00
69.34	557.00
69.36	530.00
69.38	569.00
69.4	536.00
69.42	518.00
69.44	528.00
69.46	548.00
69.48	529.00
69.5	539.00
69.52	548.00
69.54	556.00
69.56	544.00
69.58	561.00
69.6	490.00
69.62	506.00
69.64	530.00
69.66	552.00
69.68	574.00
69.7	580.00
69.72	516.00
69.74	564.00
69.76	569.00
69.78	544.00
69.8	560.00
69.82	525.00
69.84	566.00
69.86	572.00
69.88	575.00
69.9	527.00
69.92	507.00
69.94	528.00
69.96	545.00
69.98	485.00
70	521.00
70.02	531.00
70.04	529.00
70.06	543.00
70.08	542.00
70.1	514.00
70.12	515.00
70.14	549.00
70.16	499.00
70.18	521.00
70.2	520.00
70.22	534.00
70.24	544.00
70.26	479.00
70.28	511.00
70.3	530.00
70.32	528.00
70.34	537.00
70.36	501.00
70.38	541.00
70.4	536.00
70.42	518.00
70.44	529.00
70.46	539.00
70.48	527.00
70.5	552.00
70.52	548.00
70.54	504.00
70.56	495.00
70.58	550.00
70.6	509.00
70.62	490.00
70.64	515.00
70.66	515.00
70.68	505.00
70.7	517.00
70.72	526.00
70.74	531.00
70.76	504.00
70.78	519.00
70.8	525.00
70.82	539.00
70.84	500.00
70.86	498.00
70.88	526.00
70.9	532.00
70.92	524.00
70.94	506.00
70.96	551.00
70.98	505.00
71	540.00
71.02	569.00
71.04	556.00
71.06	498.00
71.08	506.00
71.1	535.00
71.12	529.00
71.14	527.00
71.16	536.00
71.18	538.00
71.2	579.00
71.22	538.00
71.24	521.00
71.26	514.00
71.28	524.00
71.3	557.00
71.32	520.00
71.34	528.00
71.36	532.00
71.38	520.00
71.4	491.00
71.42	492.00
71.44	532.00
71.46	537.00
71.48	490.00
71.5	559.00
71.52	557.00
71.54	556.00
71.56	547.00
71.58	524.00
71.6	515.00
71.62	543.00
71.64	569.00
71.66	538.00
71.68	538.00
71.7	539.00
71.72	528.00
71.74	503.00
71.76	515.00
71.78	538.00
71.8	524.00
71.82	508.00
71.84	549.00
71.86	529.00
71.88	544.00
71.9	528.00
71.92	573.00
71.94	559.00
71.96	535.00
71.98	531.00
72	530.00
72.02	546.00
72.04	535.00
72.06	549.00
72.08	546.00
72.1	531.00
72.12	536.00
72.14	551.00
72.16	532.00
72.18	502.00
72.2	502.00
72.22	530.00
72.24	536.00
72.26	532.00
72.28	532.00
72.3	528.00
72.32	510.00
72.34	519.00
72.36	551.00
72.38	519.00
72.4	542.00
72.42	525.00
72.44	554.00
72.46	551.00
72.48	527.00
72.5	501.00
72.52	507.00
72.54	576.00
72.56	520.00
72.58	576.00
72.6	559.00
72.62	535.00
72.64	517.00
72.66	543.00
72.68	508.00
72.7	514.00
72.72	535.00
72.74	546.00
72.76	536.00
72.78	523.00
72.8	541.00
72.82	557.00
72.84	539.00
72.86	512.00
72.88	472.00
72.9	513.00
72.92	530.00
72.94	481.00
72.96	518.00
72.98	522.00
73	528.00
73.02	517.00
73.04	556.00
73.06	540.00
73.08	522.00
73.1	559.00
73.12	519.00
73.14	511.00
73.16	517.00
73.18	499.00
73.2	518.00
73.22	580.00
73.24	538.00
73.26	541.00
73.28	585.00
73.3	595.00
73.32	555.00
73.34	564.00
73.36	572.00
73.38	572.00
73.4	576.00
73.42	600.00
73.44	591.00
73.46	569.00
73.48	574.00
73.5	566.00
73.52	592.00
73.54	621.00
73.56	618.00
73.58	550.00
73.6	606.00
73.62	569.00
73.64	548.00
73.66	573.00
73.68	541.00
73.7	553.00
73.72	562.00
73.74	539.00
73.76	552.00
73.78	550.00
73.8	517.00
73.82	539.00
73.84	551.00
73.86	547.00
73.88	577.00
73.9	524.00
73.92	522.00
73.94	540.00
73.96	546.00
73.98	512.00
74	549.00
74.02	564.00
74.04	554.00
74.06	541.00
74.08	564.00
74.1	581.00
74.12	564.00
74.14	553.00
74.16	533.00
74.18	566.00
74.2	562.00
74.22	581.00
74.24	566.00
74.26	607.00
74.28	597.00
74.3	556.00
74.32	602.00
74.34	631.00
74.36	599.00
74.38	630.00
74.4	672.00
74.42	669.00
74.44	635.00
74.46	644.00
74.48	697.00
74.5	739.00
74.52	864.00
74.54	952.00
74.56	1119.00
74.58	1198.00
74.6	1307.00
74.62	1402.00
74.64	1518.00
74.66	1633.00
74.68	1780.00
74.7	1752.00
74.72	1776.00
74.74	1812.00
74.76	1734.00
74.78	1793.00
74.8	1802.00
74.82	1802.00
74.84	1877.00
74.86	1934.00
74.88	1873.00
74.9	1794.00
74.92	1829.00
74.94	1728.00
74.96	1695.00
74.98	1504.00
75	1492.00
75.02	1385.00
75.04	1275.00
75.06	1223.00
75.08	1143.00
75.1	1105.00
75.12	1004.00
75.14	977.00
75.16	918.00
75.18	824.00
75.2	822.00
75.22	781.00
75.24	742.00
75.26	711.00
75.28	711.00
75.3	650.00
75.32	639.00
75.34	615.00
75.36	573.00
75.38	622.00
75.4	579.00
75.42	599.00
75.44	582.00
75.46	568.00
75.48	569.00
75.5	543.00
75.52	533.00
75.54	545.00
75.56	568.00
75.58	549.00
75.6	530.00
75.62	507.00
75.64	566.00
75.66	505.00
75.68	531.00
75.7	556.00
75.72	537.00
75.74	535.00
75.76	534.00
75.78	533.00
75.8	533.00
75.82	536.00
75.84	559.00
75.86	528.00
75.88	537.00
75.9	554.00
75.92	557.00
75.94	524.00
75.96	532.00
75.98	518.00
76	533.00
76.02	525.00
76.04	519.00
76.06	536.00
76.08	577.00
76.1	533.00
76.12	514.00
76.14	540.00
76.16	549.00
76.18	532.00
76.2	516.00
76.22	544.00
76.24	530.00
76.26	552.00
76.28	543.00
76.3	516.00
76.32	529.00
76.34	508.00
76.36	532.00
76.38	558.00
76.4	517.00
76.42	511.00
76.44	488.00
76.46	540.00
76.48	514.00
76.5	524.00
76.52	522.00
76.54	484.00
76.56	527.00
76.58	514.00
76.6	496.00
76.62	506.00
76.64	502.00
76.66	515.00
76.68	533.00
76.7	515.00
76.72	543.00
76.74	515.00
76.76	550.00
76.78	533.00
76.8	508.00
76.82	545.00
76.84	532.00
76.86	593.00
76.88	586.00
76.9	581.00
76.92	563.00
76.94	579.00
76.96	600.00
76.98	590.00
77	562.00
77.02	578.00
77.04	567.00
77.06	567.00
77.08	623.00
77.1	586.00
77.12	533.00
77.14	545.00
77.16	588.00
77.18	565.00
77.2	572.00
77.22	568.00
77.24	571.00
77.26	595.00
77.28	579.00
77.3	556.00
77.32	527.00
77.34	551.00
77.36	510.00
77.38	547.00
77.4	559.00
77.42	524.00
77.44	547.00
77.46	510.00
77.48	522.00
77.5	502.00
77.52	516.00
77.54	499.00
77.56	502.00
77.58	486.00
77.6	532.00
77.62	500.00
77.64	522.00
77.66	530.00
77.68	497.00
77.7	520.00
77.72	504.00
77.74	537.00
77.76	524.00
77.78	494.00
77.8	509.00
77.82	499.00
77.84	510.00
77.86	491.00
77.88	491.00
77.9	499.00
77.92	489.00
77.94	499.00
77.96	487.00
77.98	506.00
78	464.00
78.02	498.00
78.04	492.00
78.06	500.00
78.08	495.00
78.1	500.00
78.12	498.00
78.14	492.00
78.16	506.00
78.18	447.00
78.2	496.00
78.22	485.00
78.24	499.00
78.26	503.00
78.28	513.00
78.3	494.00
78.32	483.00
78.34	511.00
78.36	524.00
78.38	496.00
78.4	530.00
78.42	521.00
78.44	503.00
78.46	526.00
78.48	531.00
78.5	495.00
78.52	503.00
78.54	499.00
78.56	505.00
78.58	536.00
78.6	489.00
78.62	459.00
78.64	507.00
78.66	525.00
78.68	475.00
78.7	472.00
78.72	491.00
78.74	495.00
78.76	478.00
78.78	494.00
78.8	496.00
78.82	495.00
78.84	534.00
78.86	502.00
78.88	492.00
78.9	480.00
78.92	457.00
78.94	486.00
78.96	501.00
78.98	482.00
79	498.00
79.02	495.00
79.04	533.00
79.06	477.00
79.08	476.00
79.1	494.00
79.12	524.00
79.14	528.00
79.16	493.00
79.18	502.00
79.2	543.00
79.22	499.00
79.24	473.00
79.26	502.00
79.28	533.00
79.3	504.00
79.32	518.00
79.34	501.00
79.36	545.00
79.38	499.00
79.4	542.00
79.42	516.00
79.44	520.00
79.46	506.00
79.48	514.00
79.5	525.00
79.52	562.00
79.54	577.00
79.56	525.00
79.58	541.00
79.6	519.00
79.62	528.00
79.64	544.00
79.66	583.00
79.68	547.00
79.7	582.00
79.72	546.00
79.74	528.00
79.76	516.00
79.78	544.00
79.8	580.00
79.82	586.00
79.84	586.00
79.86	548.00
79.88	630.00
79.9	677.00
79.92	668.00
79.94	744.00
79.96	789.00
79.98	861.00
80	957.00
