20251215-CHY-I-001-b
Wavelength = 1.54059
5	769.00
5.02	755.00
5.04	763.00
5.06	718.00
5.08	733.00
5.1	715.00
5.12	686.00
5.14	714.00
5.16	701.00
5.18	672.00
5.2	675.00
5.22	685.00
5.24	689.00
5.26	715.00
5.28	675.00
5.3	687.00
5.32	664.00
5.34	679.00
5.36	703.00
5.38	664.00
5.4	651.00
5.42	720.00
5.44	617.00
5.46	662.00
5.48	642.00
5.5	621.00
5.52	668.00
5.54	657.00
5.56	637.00
5.58	618.00
5.6	657.00
5.62	634.00
5.64	650.00
5.66	636.00
5.68	620.00
5.7	615.00
5.72	630.00
5.74	599.00
5.76	634.00
5.78	568.00
5.8	602.00
5.82	576.00
5.84	572.00
5.86	586.00
5.88	560.00
5.9	584.00
5.92	601.00
5.94	590.00
5.96	580.00
5.98	593.00
6	581.00
6.02	579.00
6.04	582.00
6.06	535.00
6.08	565.00
6.1	564.00
6.12	558.00
6.14	550.00
6.16	549.00
6.18	597.00
6.2	592.00
6.22	579.00
6.24	604.00
6.26	590.00
6.28	587.00
6.3	572.00
6.32	556.00
6.34	523.00
6.36	537.00
6.38	561.00
6.4	545.00
6.42	564.00
6.44	557.00
6.46	546.00
6.48	544.00
6.5	558.00
6.52	563.00
6.54	520.00
6.56	491.00
6.58	559.00
6.6	500.00
6.62	560.00
6.64	542.00
6.66	528.00
6.68	526.00
6.7	510.00
6.72	528.00
6.74	573.00
6.76	488.00
6.78	539.00
6.8	522.00
6.82	545.00
6.84	517.00
6.86	513.00
6.88	503.00
6.9	507.00
6.92	511.00
6.94	516.00
6.96	539.00
6.98	512.00
7	509.00
7.02	554.00
7.04	524.00
7.06	510.00
7.08	542.00
7.1	567.00
7.12	510.00
7.14	527.00
7.16	561.00
7.18	545.00
7.2	516.00
7.22	547.00
7.24	558.00
7.26	538.00
7.28	535.00
7.3	545.00
7.32	536.00
7.34	516.00
7.36	525.00
7.38	518.00
7.4	511.00
7.42	525.00
7.44	544.00
7.46	556.00
7.48	564.00
7.5	542.00
7.52	534.00
7.54	553.00
7.56	533.00
7.58	517.00
7.6	558.00
7.62	544.00
7.64	517.00
7.66	530.00
7.68	560.00
7.7	476.00
7.72	542.00
7.74	553.00
7.76	520.00
7.78	545.00
7.8	520.00
7.82	569.00
7.84	573.00
7.86	554.00
7.88	554.00
7.9	528.00
7.92	565.00
7.94	622.00
7.96	559.00
7.98	557.00
8	544.00
8.02	598.00
8.04	576.00
8.06	569.00
8.08	570.00
8.1	560.00
8.12	583.00
8.14	558.00
8.16	548.00
8.18	539.00
8.2	580.00
8.22	562.00
8.24	584.00
8.26	570.00
8.28	575.00
8.3	519.00
8.32	580.00
8.34	560.00
8.36	573.00
8.38	594.00
8.4	573.00
8.42	614.00
8.44	605.00
8.46	634.00
8.48	562.00
8.5	571.00
8.52	595.00
8.54	591.00
8.56	608.00
8.58	631.00
8.6	610.00
8.62	602.00
8.64	602.00
8.66	616.00
8.68	575.00
8.7	581.00
8.72	585.00
8.74	575.00
8.76	566.00
8.78	603.00
8.8	594.00
8.82	604.00
8.84	645.00
8.86	652.00
8.88	623.00
8.9	635.00
8.92	617.00
8.94	611.00
8.96	628.00
8.98	638.00
9	587.00
9.02	650.00
9.04	652.00
9.06	632.00
9.08	643.00
9.1	628.00
9.12	620.00
9.14	633.00
9.16	628.00
9.18	628.00
9.2	637.00
9.22	636.00
9.24	680.00
9.26	668.00
9.28	658.00
9.3	605.00
9.32	646.00
9.34	671.00
9.36	642.00
9.38	623.00
9.4	625.00
9.42	685.00
9.44	652.00
9.46	653.00
9.48	633.00
9.5	632.00
9.52	672.00
9.54	678.00
9.56	675.00
9.58	643.00
9.6	616.00
9.62	661.00
9.64	649.00
9.66	598.00
9.68	657.00
9.7	680.00
9.72	692.00
9.74	675.00
9.76	706.00
9.78	708.00
9.8	731.00
9.82	693.00
9.84	692.00
9.86	690.00
9.88	680.00
9.9	669.00
9.92	664.00
9.94	706.00
9.96	684.00
9.98	696.00
10	699.00
10.02	685.00
10.04	690.00
10.06	715.00
10.08	716.00
10.1	748.00
10.12	711.00
10.14	709.00
10.16	677.00
10.18	702.00
10.2	696.00
10.22	734.00
10.24	747.00
10.26	743.00
10.28	705.00
10.3	747.00
10.32	758.00
10.34	715.00
10.36	717.00
10.38	722.00
10.4	732.00
10.42	685.00
10.44	731.00
10.46	696.00
10.48	772.00
10.5	733.00
10.52	750.00
10.54	770.00
10.56	762.00
10.58	730.00
10.6	733.00
10.62	731.00
10.64	721.00
10.66	713.00
10.68	749.00
10.7	727.00
10.72	752.00
10.74	775.00
10.76	798.00
10.78	750.00
10.8	769.00
10.82	805.00
10.84	805.00
10.86	771.00
10.88	759.00
10.9	736.00
10.92	766.00
10.94	764.00
10.96	828.00
10.98	800.00
11	776.00
11.02	776.00
11.04	750.00
11.06	800.00
11.08	794.00
11.1	775.00
11.12	785.00
11.14	779.00
11.16	820.00
11.18	799.00
11.2	799.00
11.22	765.00
11.24	769.00
11.26	791.00
11.28	856.00
11.3	786.00
11.32	753.00
11.34	778.00
11.36	767.00
11.38	795.00
11.4	823.00
11.42	758.00
11.44	772.00
11.46	798.00
11.48	813.00
11.5	819.00
11.52	834.00
11.54	795.00
11.56	836.00
11.58	807.00
11.6	813.00
11.62	820.00
11.64	821.00
11.66	794.00
11.68	806.00
11.7	809.00
11.72	829.00
11.74	801.00
11.76	803.00
11.78	842.00
11.8	809.00
11.82	790.00
11.84	791.00
11.86	810.00
11.88	858.00
11.9	835.00
11.92	822.00
11.94	856.00
11.96	828.00
11.98	850.00
12	810.00
12.02	851.00
12.04	851.00
12.06	834.00
12.08	857.00
12.1	882.00
12.12	813.00
12.14	876.00
12.16	842.00
12.18	827.00
12.2	813.00
12.22	849.00
12.24	839.00
12.26	901.00
12.28	867.00
12.3	852.00
12.32	836.00
12.34	835.00
12.36	846.00
12.38	890.00
12.4	852.00
12.42	822.00
12.44	854.00
12.46	854.00
12.48	877.00
12.5	849.00
12.52	842.00
12.54	846.00
12.56	850.00
12.58	864.00
12.6	880.00
12.62	947.00
12.64	891.00
12.66	872.00
12.68	876.00
12.7	889.00
12.72	908.00
12.74	855.00
12.76	899.00
12.78	880.00
12.8	892.00
12.82	885.00
12.84	898.00
12.86	868.00
12.88	919.00
12.9	886.00
12.92	890.00
12.94	884.00
12.96	918.00
12.98	906.00
13	892.00
13.02	918.00
13.04	899.00
13.06	923.00
13.08	875.00
13.1	902.00
13.12	878.00
13.14	934.00
13.16	951.00
13.18	916.00
13.2	910.00
13.22	926.00
13.24	949.00
13.26	900.00
13.28	956.00
13.3	969.00
13.32	907.00
13.34	911.00
13.36	938.00
13.38	959.00
13.4	910.00
13.42	972.00
13.44	922.00
13.46	913.00
13.48	915.00
13.5	910.00
13.52	968.00
13.54	930.00
13.56	944.00
13.58	916.00
13.6	939.00
13.62	958.00
13.64	941.00
13.66	923.00
13.68	960.00
13.7	975.00
13.72	944.00
13.74	1012.00
13.76	995.00
13.78	987.00
13.8	959.00
13.82	923.00
13.84	927.00
13.86	919.00
13.88	945.00
13.9	934.00
13.92	984.00
13.94	969.00
13.96	929.00
13.98	997.00
14	966.00
14.02	938.00
14.04	1006.00
14.06	999.00
14.08	953.00
14.1	955.00
14.12	1017.00
14.14	965.00
14.16	947.00
14.18	998.00
14.2	978.00
14.22	1019.00
14.24	974.00
14.26	963.00
14.28	974.00
14.3	988.00
14.32	974.00
14.34	987.00
14.36	979.00
14.38	975.00
14.4	999.00
14.42	993.00
14.44	1040.00
14.46	1069.00
14.48	1034.00
14.5	992.00
14.52	997.00
14.54	1027.00
14.56	1040.00
14.58	1054.00
14.6	1006.00
14.62	989.00
14.64	1036.00
14.66	1075.00
14.68	1034.00
14.7	1002.00
14.72	1028.00
14.74	990.00
14.76	1023.00
14.78	1014.00
14.8	1024.00
14.82	1067.00
14.84	1056.00
14.86	1035.00
14.88	1029.00
14.9	1055.00
14.92	1045.00
14.94	1009.00
14.96	1009.00
14.98	1020.00
15	1043.00
15.02	1012.00
15.04	968.00
15.06	1051.00
15.08	995.00
15.1	1028.00
15.12	1099.00
15.14	1073.00
15.16	1083.00
15.18	1035.00
15.2	1014.00
15.22	1050.00
15.24	1052.00
15.26	1048.00
15.28	1067.00
15.3	1085.00
15.32	1088.00
15.34	1078.00
15.36	1100.00
15.38	1065.00
15.4	1157.00
15.42	1119.00
15.44	1019.00
15.46	1061.00
15.48	1079.00
15.5	1081.00
15.52	1086.00
15.54	1105.00
15.56	1088.00
15.58	1084.00
15.6	1084.00
15.62	1091.00
15.64	1065.00
15.66	1144.00
15.68	1099.00
15.7	1098.00
15.72	1126.00
15.74	1088.00
15.76	1082.00
15.78	1131.00
15.8	1111.00
15.82	1126.00
15.84	1137.00
15.86	1132.00
15.88	1139.00
15.9	1114.00
15.92	1127.00
15.94	1187.00
15.96	1097.00
15.98	1081.00
16	1127.00
16.02	1149.00
16.04	1126.00
16.06	1095.00
16.08	1227.00
16.1	1125.00
16.12	1111.00
16.14	1179.00
16.16	1121.00
16.18	1149.00
16.2	1117.00
16.22	1158.00
16.24	1135.00
16.26	1183.00
16.28	1155.00
16.3	1112.00
16.32	1145.00
16.34	1157.00
16.36	1105.00
16.38	1122.00
16.4	1176.00
16.42	1127.00
16.44	1195.00
16.46	1160.00
16.48	1178.00
16.5	1159.00
16.52	1198.00
16.54	1209.00
16.56	1171.00
16.58	1156.00
16.6	1125.00
16.62	1227.00
16.64	1179.00
16.66	1145.00
16.68	1162.00
16.7	1167.00
16.72	1211.00
16.74	1152.00
16.76	1135.00
16.78	1210.00
16.8	1270.00
16.82	1279.00
16.84	1232.00
16.86	1246.00
16.88	1215.00
16.9	1196.00
16.92	1152.00
16.94	1209.00
16.96	1186.00
16.98	1199.00
17	1263.00
17.02	1258.00
17.04	1212.00
17.06	1242.00
17.08	1232.00
17.1	1230.00
17.12	1230.00
17.14	1220.00
17.16	1208.00
17.18	1204.00
17.2	1182.00
17.22	1204.00
17.24	1217.00
17.26	1283.00
17.28	1207.00
17.3	1287.00
17.32	1190.00
17.34	1298.00
17.36	1270.00
17.38	1227.00
17.4	1211.00
17.42	1217.00
17.44	1308.00
17.46	1263.00
17.48	1217.00
17.5	1278.00
17.52	1252.00
17.54	1315.00
17.56	1274.00
17.58	1251.00
17.6	1259.00
17.62	1276.00
17.64	1251.00
17.66	1209.00
17.68	1219.00
17.7	1239.00
17.72	1261.00
17.74	1250.00
17.76	1231.00
17.78	1257.00
17.8	1262.00
17.82	1260.00
17.84	1245.00
17.86	1194.00
17.88	1256.00
17.9	1232.00
17.92	1178.00
17.94	1295.00
17.96	1273.00
17.98	1273.00
18	1258.00
18.02	1289.00
18.04	1258.00
18.06	1268.00
18.08	1258.00
18.1	1278.00
18.12	1290.00
18.14	1246.00
18.16	1252.00
18.18	1230.00
18.2	1250.00
18.22	1279.00
18.24	1246.00
18.26	1207.00
18.28	1241.00
18.3	1299.00
18.32	1267.00
18.34	1268.00
18.36	1243.00
18.38	1286.00
18.4	1296.00
18.42	1263.00
18.44	1227.00
18.46	1267.00
18.48	1204.00
18.5	1299.00
18.52	1274.00
18.54	1280.00
18.56	1335.00
18.58	1213.00
18.6	1298.00
18.62	1292.00
18.64	1300.00
18.66	1281.00
18.68	1276.00
18.7	1247.00
18.72	1311.00
18.74	1252.00
18.76	1264.00
18.78	1272.00
18.8	1271.00
18.82	1246.00
18.84	1186.00
18.86	1236.00
18.88	1301.00
18.9	1247.00
18.92	1269.00
18.94	1262.00
18.96	1224.00
18.98	1273.00
19	1265.00
19.02	1305.00
19.04	1263.00
19.06	1207.00
19.08	1215.00
19.1	1199.00
19.12	1274.00
19.14	1311.00
19.16	1280.00
19.18	1216.00
19.2	1241.00
19.22	1262.00
19.24	1194.00
19.26	1271.00
19.28	1252.00
19.3	1227.00
19.32	1252.00
19.34	1255.00
19.36	1249.00
19.38	1252.00
19.4	1246.00
19.42	1223.00
19.44	1246.00
19.46	1190.00
19.48	1214.00
19.5	1226.00
19.52	1177.00
19.54	1226.00
19.56	1309.00
19.58	1198.00
19.6	1210.00
19.62	1232.00
19.64	1184.00
19.66	1199.00
19.68	1217.00
19.7	1208.00
19.72	1253.00
19.74	1224.00
19.76	1239.00
19.78	1222.00
19.8	1201.00
19.82	1203.00
19.84	1224.00
19.86	1181.00
19.88	1255.00
19.9	1224.00
19.92	1209.00
19.94	1199.00
19.96	1183.00
19.98	1195.00
20	1209.00
20.02	1220.00
20.04	1256.00
20.06	1205.00
20.08	1175.00
20.1	1211.00
20.12	1192.00
20.14	1172.00
20.16	1145.00
20.18	1231.00
20.2	1207.00
20.22	1176.00
20.24	1078.00
20.26	1180.00
20.28	1172.00
20.3	1159.00
20.32	1176.00
20.34	1165.00
20.36	1120.00
20.38	1118.00
20.4	1122.00
20.42	1162.00
20.44	1074.00
20.46	1156.00
20.48	1077.00
20.5	1097.00
20.52	1122.00
20.54	1113.00
20.56	1138.00
20.58	1215.00
20.6	1167.00
20.62	1136.00
20.64	1170.00
20.66	1165.00
20.68	1113.00
20.7	1100.00
20.72	1116.00
20.74	1124.00
20.76	1109.00
20.78	1122.00
20.8	1150.00
20.82	1117.00
20.84	1131.00
20.86	1115.00
20.88	1109.00
20.9	1206.00
20.92	1133.00
20.94	1135.00
20.96	1098.00
20.98	1141.00
21	1214.00
21.02	1151.00
21.04	1140.00
21.06	1137.00
21.08	1128.00
21.1	1152.00
21.12	1184.00
21.14	1232.00
21.16	1212.00
21.18	1208.00
21.2	1232.00
21.22	1208.00
21.24	1271.00
21.26	1235.00
21.28	1187.00
21.3	1162.00
21.32	1172.00
21.34	1161.00
21.36	1136.00
21.38	1101.00
21.4	1119.00
21.42	1096.00
21.44	1090.00
21.46	1058.00
21.48	1118.00
21.5	1101.00
21.52	1079.00
21.54	1057.00
21.56	1072.00
21.58	1007.00
21.6	1043.00
21.62	1074.00
21.64	1028.00
21.66	990.00
21.68	1083.00
21.7	1058.00
21.72	1033.00
21.74	992.00
21.76	1026.00
21.78	1060.00
21.8	1017.00
21.82	1048.00
21.84	1024.00
21.86	1015.00
21.88	1033.00
21.9	1012.00
21.92	1020.00
21.94	1015.00
21.96	1008.00
21.98	994.00
22	1039.00
22.02	1003.00
22.04	1036.00
22.06	1008.00
22.08	1006.00
22.1	1001.00
22.12	974.00
22.14	1001.00
22.16	1018.00
22.18	994.00
22.2	995.00
22.22	998.00
22.24	975.00
22.26	998.00
22.28	976.00
22.3	1000.00
22.32	1000.00
22.34	1028.00
22.36	968.00
22.38	951.00
22.4	1029.00
22.42	962.00
22.44	952.00
22.46	933.00
22.48	963.00
22.5	1006.00
22.52	983.00
22.54	1020.00
22.56	967.00
22.58	978.00
22.6	961.00
22.62	954.00
22.64	980.00
22.66	947.00
22.68	928.00
22.7	948.00
22.72	949.00
22.74	966.00
22.76	925.00
22.78	971.00
22.8	905.00
22.82	908.00
22.84	962.00
22.86	945.00
22.88	926.00
22.9	929.00
22.92	1002.00
22.94	927.00
22.96	956.00
22.98	949.00
23	946.00
23.02	937.00
23.04	920.00
23.06	918.00
23.08	895.00
23.1	898.00
23.12	913.00
23.14	909.00
23.16	911.00
23.18	955.00
23.2	918.00
23.22	901.00
23.24	903.00
23.26	916.00
23.28	906.00
23.3	928.00
23.32	940.00
23.34	938.00
23.36	884.00
23.38	979.00
23.4	887.00
23.42	958.00
23.44	927.00
23.46	860.00
23.48	885.00
23.5	909.00
23.52	950.00
23.54	928.00
23.56	937.00
23.58	982.00
23.6	973.00
23.62	967.00
23.64	962.00
23.66	936.00
23.68	900.00
23.7	902.00
23.72	897.00
23.74	886.00
23.76	860.00
23.78	882.00
23.8	881.00
23.82	844.00
23.84	878.00
23.86	957.00
23.88	899.00
23.9	938.00
23.92	860.00
23.94	848.00
23.96	925.00
23.98	896.00
24	940.00
24.02	908.00
24.04	870.00
24.06	904.00
24.08	856.00
24.1	896.00
24.12	928.00
24.14	896.00
24.16	922.00
24.18	882.00
24.2	889.00
24.22	911.00
24.24	905.00
24.26	931.00
24.28	919.00
24.3	944.00
24.32	969.00
24.34	943.00
24.36	988.00
24.38	1001.00
24.4	1031.00
24.42	1080.00
24.44	1138.00
24.46	1239.00
24.48	1294.00
24.5	1424.00
24.52	1551.00
24.54	1701.00
24.56	1846.00
24.58	2122.00
24.6	2381.00
24.62	2642.00
24.64	2930.00
24.66	3252.00
24.68	3696.00
24.7	3773.00
24.72	3956.00
24.74	3881.00
24.76	3650.00
24.78	3428.00
24.8	3120.00
24.82	2838.00
24.84	2492.00
24.86	2206.00
24.88	1847.00
24.9	1643.00
24.92	1485.00
24.94	1347.00
24.96	1292.00
24.98	1186.00
25	1132.00
25.02	1083.00
25.04	1081.00
25.06	1004.00
25.08	1034.00
25.1	962.00
25.12	917.00
25.14	878.00
25.16	904.00
25.18	874.00
25.2	838.00
25.22	852.00
25.24	858.00
25.26	824.00
25.28	814.00
25.3	841.00
25.32	841.00
25.34	820.00
25.36	779.00
25.38	802.00
25.4	820.00
25.42	829.00
25.44	794.00
25.46	828.00
25.48	813.00
25.5	806.00
25.52	756.00
25.54	804.00
25.56	786.00
25.58	815.00
25.6	755.00
25.62	753.00
25.64	828.00
25.66	833.00
25.68	807.00
25.7	833.00
25.72	814.00
25.74	823.00
25.76	837.00
25.78	843.00
25.8	842.00
25.82	861.00
25.84	800.00
25.86	828.00
25.88	805.00
25.9	804.00
25.92	785.00
25.94	776.00
25.96	816.00
25.98	775.00
26	787.00
26.02	768.00
26.04	776.00
26.06	720.00
26.08	763.00
26.1	726.00
26.12	736.00
26.14	773.00
26.16	774.00
26.18	799.00
26.2	800.00
26.22	769.00
26.24	752.00
26.26	770.00
26.28	781.00
26.3	735.00
26.32	758.00
26.34	762.00
26.36	769.00
26.38	773.00
26.4	762.00
26.42	766.00
26.44	739.00
26.46	751.00
26.48	674.00
26.5	711.00
26.52	769.00
26.54	743.00
26.56	683.00
26.58	738.00
26.6	773.00
26.62	746.00
26.64	697.00
26.66	748.00
26.68	752.00
26.7	758.00
26.72	708.00
26.74	681.00
26.76	725.00
26.78	741.00
26.8	768.00
26.82	717.00
26.84	727.00
26.86	759.00
26.88	714.00
26.9	734.00
26.92	723.00
26.94	723.00
26.96	740.00
26.98	694.00
27	713.00
27.02	687.00
27.04	724.00
27.06	745.00
27.08	694.00
27.1	718.00
27.12	756.00
27.14	721.00
27.16	726.00
27.18	747.00
27.2	692.00
27.22	756.00
27.24	727.00
27.26	776.00
27.28	738.00
27.3	754.00
27.32	764.00
27.34	735.00
27.36	714.00
27.38	753.00
27.4	746.00
27.42	726.00
27.44	709.00
27.46	749.00
27.48	680.00
27.5	699.00
27.52	708.00
27.54	714.00
27.56	711.00
27.58	708.00
27.6	687.00
27.62	706.00
27.64	701.00
27.66	699.00
27.68	695.00
27.7	646.00
27.72	658.00
27.74	725.00
27.76	674.00
27.78	696.00
27.8	739.00
27.82	667.00
27.84	658.00
27.86	727.00
27.88	668.00
27.9	666.00
27.92	705.00
27.94	708.00
27.96	633.00
27.98	648.00
28	648.00
28.02	675.00
28.04	716.00
28.06	699.00
28.08	691.00
28.1	663.00
28.12	641.00
28.14	690.00
28.16	692.00
28.18	678.00
28.2	726.00
28.22	653.00
28.24	660.00
28.26	677.00
28.28	715.00
28.3	667.00
28.32	666.00
28.34	668.00
28.36	685.00
28.38	669.00
28.4	671.00
28.42	716.00
28.44	713.00
28.46	684.00
28.48	734.00
28.5	743.00
28.52	771.00
28.54	737.00
28.56	743.00
28.58	802.00
28.6	804.00
28.62	818.00
28.64	839.00
28.66	789.00
28.68	800.00
28.7	789.00
28.72	805.00
28.74	780.00
28.76	747.00
28.78	740.00
28.8	743.00
28.82	711.00
28.84	696.00
28.86	697.00
28.88	667.00
28.9	710.00
28.92	690.00
28.94	664.00
28.96	683.00
28.98	630.00
29	681.00
29.02	696.00
29.04	644.00
29.06	679.00
29.08	686.00
29.1	663.00
29.12	659.00
29.14	670.00
29.16	667.00
29.18	672.00
29.2	678.00
29.22	608.00
29.24	610.00
29.26	636.00
29.28	604.00
29.3	646.00
29.32	643.00
29.34	704.00
29.36	649.00
29.38	625.00
29.4	586.00
29.42	680.00
29.44	649.00
29.46	644.00
29.48	611.00
29.5	630.00
29.52	643.00
29.54	648.00
29.56	640.00
29.58	601.00
29.6	633.00
29.62	651.00
29.64	647.00
29.66	647.00
29.68	618.00
29.7	612.00
29.72	674.00
29.74	632.00
29.76	642.00
29.78	662.00
29.8	644.00
29.82	659.00
29.84	635.00
29.86	645.00
29.88	639.00
29.9	648.00
29.92	648.00
29.94	643.00
29.96	635.00
29.98	630.00
30	586.00
30.02	614.00
30.04	593.00
30.06	623.00
30.08	626.00
30.1	607.00
30.12	637.00
30.14	633.00
30.16	628.00
30.18	610.00
30.2	608.00
30.22	605.00
30.24	583.00
30.26	608.00
30.28	653.00
30.3	645.00
30.32	618.00
30.34	650.00
30.36	645.00
30.38	655.00
30.4	636.00
30.42	620.00
30.44	594.00
30.46	602.00
30.48	613.00
30.5	618.00
30.52	655.00
30.54	636.00
30.56	632.00
30.58	637.00
30.6	594.00
30.62	633.00
30.64	596.00
30.66	651.00
30.68	646.00
30.7	616.00
30.72	629.00
30.74	614.00
30.76	592.00
30.78	573.00
30.8	606.00
30.82	612.00
30.84	661.00
30.86	605.00
30.88	577.00
30.9	619.00
30.92	641.00
30.94	594.00
30.96	608.00
30.98	638.00
31	609.00
31.02	606.00
31.04	641.00
31.06	616.00
31.08	590.00
31.1	642.00
31.12	599.00
31.14	623.00
31.16	629.00
31.18	613.00
31.2	618.00
31.22	577.00
31.24	602.00
31.26	590.00
31.28	621.00
31.3	615.00
31.32	589.00
31.34	625.00
31.36	605.00
31.38	614.00
31.4	560.00
31.42	551.00
31.44	572.00
31.46	624.00
31.48	597.00
31.5	589.00
31.52	609.00
31.54	618.00
31.56	581.00
31.58	626.00
31.6	587.00
31.62	622.00
31.64	586.00
31.66	611.00
31.68	603.00
31.7	604.00
31.72	616.00
31.74	629.00
31.76	588.00
31.78	641.00
31.8	585.00
31.82	569.00
31.84	592.00
31.86	621.00
31.88	590.00
31.9	621.00
31.92	612.00
31.94	602.00
31.96	573.00
31.98	575.00
32	582.00
32.02	637.00
32.04	604.00
32.06	608.00
32.08	628.00
32.1	615.00
32.12	592.00
32.14	557.00
32.16	592.00
32.18	639.00
32.2	575.00
32.22	612.00
32.24	585.00
32.26	554.00
32.28	598.00
32.3	595.00
32.32	619.00
32.34	607.00
32.36	578.00
32.38	603.00
32.4	630.00
32.42	596.00
32.44	593.00
32.46	588.00
32.48	598.00
32.5	592.00
32.52	581.00
32.54	574.00
32.56	594.00
32.58	582.00
32.6	599.00
32.62	604.00
32.64	565.00
32.66	574.00
32.68	551.00
32.7	570.00
32.72	636.00
32.74	636.00
32.76	619.00
32.78	627.00
32.8	628.00
32.82	669.00
32.84	621.00
32.86	660.00
32.88	718.00
32.9	679.00
32.92	698.00
32.94	705.00
32.96	736.00
32.98	706.00
33	683.00
33.02	675.00
33.04	698.00
33.06	650.00
33.08	645.00
33.1	640.00
33.12	628.00
33.14	623.00
33.16	626.00
33.18	610.00
33.2	602.00
33.22	631.00
33.24	583.00
33.26	630.00
33.28	622.00
33.3	589.00
33.32	578.00
33.34	583.00
33.36	590.00
33.38	605.00
33.4	612.00
33.42	577.00
33.44	551.00
33.46	589.00
33.48	560.00
33.5	569.00
33.52	590.00
33.54	611.00
33.56	552.00
33.58	580.00
33.6	629.00
33.62	582.00
33.64	544.00
33.66	559.00
33.68	585.00
33.7	590.00
33.72	594.00
33.74	568.00
33.76	553.00
33.78	560.00
33.8	572.00
33.82	590.00
33.84	576.00
33.86	574.00
33.88	571.00
33.9	581.00
33.92	567.00
33.94	589.00
33.96	559.00
33.98	609.00
34	587.00
34.02	562.00
34.04	570.00
34.06	573.00
34.08	557.00
34.1	578.00
34.12	583.00
34.14	578.00
34.16	607.00
34.18	576.00
34.2	589.00
34.22	606.00
34.24	596.00
34.26	579.00
34.28	550.00
34.3	566.00
34.32	569.00
34.34	566.00
34.36	579.00
34.38	611.00
34.4	565.00
34.42	577.00
34.44	574.00
34.46	552.00
34.48	608.00
34.5	613.00
34.52	548.00
34.54	581.00
34.56	612.00
34.58	578.00
34.6	551.00
34.62	516.00
34.64	586.00
34.66	540.00
34.68	594.00
34.7	587.00
34.72	626.00
34.74	613.00
34.76	543.00
34.78	571.00
34.8	564.00
34.82	555.00
34.84	574.00
34.86	575.00
34.88	577.00
34.9	579.00
34.92	552.00
34.94	541.00
34.96	559.00
34.98	592.00
35	602.00
35.02	569.00
35.04	571.00
35.06	587.00
35.08	561.00
35.1	562.00
35.12	590.00
35.14	567.00
35.16	536.00
35.18	571.00
35.2	566.00
35.22	569.00
35.24	597.00
35.26	585.00
35.28	555.00
35.3	524.00
35.32	580.00
35.34	570.00
35.36	565.00
35.38	541.00
35.4	579.00
35.42	570.00
35.44	582.00
35.46	561.00
35.48	590.00
35.5	575.00
35.52	587.00
35.54	553.00
35.56	593.00
35.58	546.00
35.6	578.00
35.62	583.00
35.64	593.00
35.66	569.00
35.68	539.00
35.7	569.00
35.72	588.00
35.74	612.00
35.76	573.00
35.78	547.00
35.8	527.00
35.82	585.00
35.84	552.00
35.86	610.00
35.88	591.00
35.9	579.00
35.92	511.00
35.94	539.00
35.96	576.00
35.98	542.00
36	617.00
36.02	576.00
36.04	574.00
36.06	556.00
36.08	566.00
36.1	586.00
36.12	557.00
36.14	548.00
36.16	542.00
36.18	575.00
36.2	532.00
36.22	562.00
36.24	599.00
36.26	589.00
36.28	594.00
36.3	554.00
36.32	539.00
36.34	552.00
36.36	557.00
36.38	622.00
36.4	576.00
36.42	547.00
36.44	550.00
36.46	523.00
36.48	544.00
36.5	571.00
36.52	566.00
36.54	574.00
36.56	543.00
36.58	550.00
36.6	555.00
36.62	535.00
36.64	593.00
36.66	567.00
36.68	544.00
36.7	533.00
36.72	571.00
36.74	548.00
36.76	542.00
36.78	595.00
36.8	557.00
36.82	567.00
36.84	595.00
36.86	592.00
36.88	566.00
36.9	561.00
36.92	576.00
36.94	568.00
36.96	535.00
36.98	561.00
37	543.00
37.02	554.00
37.04	525.00
37.06	542.00
37.08	565.00
37.1	557.00
37.12	579.00
37.14	564.00
37.16	541.00
37.18	583.00
37.2	554.00
37.22	538.00
37.24	571.00
37.26	561.00
37.28	561.00
37.3	550.00
37.32	532.00
37.34	531.00
37.36	560.00
37.38	554.00
37.4	558.00
37.42	587.00
37.44	588.00
37.46	539.00
37.48	530.00
37.5	538.00
37.52	551.00
37.54	591.00
37.56	526.00
37.58	570.00
37.6	525.00
37.62	526.00
37.64	584.00
37.66	535.00
37.68	547.00
37.7	502.00
37.72	557.00
37.74	582.00
37.76	594.00
37.78	533.00
37.8	539.00
37.82	583.00
37.84	576.00
37.86	571.00
37.88	577.00
37.9	562.00
37.92	542.00
37.94	536.00
37.96	523.00
37.98	535.00
38	559.00
38.02	556.00
38.04	599.00
38.06	544.00
38.08	592.00
38.1	532.00
38.12	584.00
38.14	556.00
38.16	562.00
38.18	519.00
38.2	574.00
38.22	591.00
38.24	597.00
38.26	619.00
38.28	571.00
38.3	562.00
38.32	545.00
38.34	510.00
38.36	555.00
38.38	558.00
38.4	521.00
38.42	564.00
38.44	537.00
38.46	545.00
38.48	567.00
38.5	530.00
38.52	572.00
38.54	563.00
38.56	523.00
38.58	574.00
38.6	612.00
38.62	545.00
38.64	549.00
38.66	556.00
38.68	573.00
38.7	579.00
38.72	551.00
38.74	548.00
38.76	567.00
38.78	549.00
38.8	539.00
38.82	566.00
38.84	592.00
38.86	556.00
38.88	596.00
38.9	599.00
38.92	580.00
38.94	573.00
38.96	548.00
38.98	588.00
39	610.00
39.02	603.00
39.04	600.00
39.06	583.00
39.08	619.00
39.1	613.00
39.12	650.00
39.14	586.00
39.16	632.00
39.18	575.00
39.2	576.00
39.22	597.00
39.24	574.00
39.26	597.00
39.28	589.00
39.3	591.00
39.32	565.00
39.34	548.00
39.36	562.00
39.38	552.00
39.4	557.00
39.42	594.00
39.44	588.00
39.46	559.00
39.48	562.00
39.5	557.00
39.52	548.00
39.54	565.00
39.56	555.00
39.58	576.00
39.6	569.00
39.62	578.00
39.64	576.00
39.66	575.00
39.68	602.00
39.7	574.00
39.72	591.00
39.74	606.00
39.76	595.00
39.78	623.00
39.8	598.00
39.82	583.00
39.84	593.00
39.86	575.00
39.88	602.00
39.9	601.00
39.92	619.00
39.94	619.00
39.96	587.00
39.98	606.00
40	575.00
40.02	563.00
40.04	590.00
40.06	609.00
40.08	587.00
40.1	599.00
40.12	588.00
40.14	579.00
40.16	599.00
40.18	649.00
40.2	576.00
40.22	615.00
40.24	592.00
40.26	580.00
40.28	600.00
40.3	604.00
40.32	625.00
40.34	617.00
40.36	569.00
40.38	603.00
40.4	572.00
40.42	623.00
40.44	656.00
40.46	627.00
40.48	623.00
40.5	644.00
40.52	642.00
40.54	633.00
40.56	647.00
40.58	618.00
40.6	644.00
40.62	665.00
40.64	676.00
40.66	717.00
40.68	700.00
40.7	686.00
40.72	746.00
40.74	790.00
40.76	827.00
40.78	836.00
40.8	931.00
40.82	1008.00
40.84	1284.00
40.86	1496.00
40.88	1914.00
40.9	2269.00
40.92	2766.00
40.94	3244.00
40.96	3657.00
40.98	4107.00
41	4379.00
41.02	4677.00
41.04	4772.00
41.06	4916.00
41.08	4899.00
41.1	4789.00
41.12	4653.00
41.14	4369.00
41.16	4225.00
41.18	3752.00
41.2	3482.00
41.22	3075.00
41.24	2966.00
41.26	2691.00
41.28	2366.00
41.3	2077.00
41.32	1834.00
41.34	1630.00
41.36	1416.00
41.38	1253.00
41.4	1108.00
41.42	1030.00
41.44	919.00
41.46	889.00
41.48	810.00
41.5	811.00
41.52	749.00
41.54	738.00
41.56	737.00
41.58	687.00
41.6	692.00
41.62	644.00
41.64	634.00
41.66	670.00
41.68	618.00
41.7	643.00
41.72	614.00
41.74	618.00
41.76	609.00
41.78	611.00
41.8	623.00
41.82	589.00
41.84	615.00
41.86	574.00
41.88	548.00
41.9	594.00
41.92	590.00
41.94	600.00
41.96	581.00
41.98	581.00
42	598.00
42.02	581.00
42.04	593.00
42.06	624.00
42.08	629.00
42.1	577.00
42.12	577.00
42.14	573.00
42.16	568.00
42.18	583.00
42.2	517.00
42.22	544.00
42.24	549.00
42.26	565.00
42.28	562.00
42.3	566.00
42.32	541.00
42.34	555.00
42.36	570.00
42.38	543.00
42.4	590.00
42.42	561.00
42.44	548.00
42.46	560.00
42.48	545.00
42.5	569.00
42.52	558.00
42.54	587.00
42.56	571.00
42.58	575.00
42.6	560.00
42.62	583.00
42.64	540.00
42.66	602.00
42.68	554.00
42.7	540.00
42.72	553.00
42.74	571.00
42.76	550.00
42.78	542.00
42.8	553.00
42.82	592.00
42.84	554.00
42.86	586.00
42.88	543.00
42.9	540.00
42.92	603.00
42.94	566.00
42.96	559.00
42.98	553.00
43	564.00
43.02	565.00
43.04	538.00
43.06	558.00
43.08	526.00
43.1	555.00
43.12	516.00
43.14	538.00
43.16	551.00
43.18	525.00
43.2	569.00
43.22	548.00
43.24	572.00
43.26	548.00
43.28	542.00
43.3	552.00
43.32	570.00
43.34	578.00
43.36	525.00
43.38	531.00
43.4	550.00
43.42	606.00
43.44	568.00
43.46	522.00
43.48	576.00
43.5	546.00
43.52	555.00
43.54	516.00
43.56	538.00
43.58	560.00
43.6	556.00
43.62	581.00
43.64	536.00
43.66	516.00
43.68	545.00
43.7	541.00
43.72	530.00
43.74	582.00
43.76	554.00
43.78	560.00
43.8	526.00
43.82	566.00
43.84	533.00
43.86	514.00
43.88	544.00
43.9	566.00
43.92	526.00
43.94	563.00
43.96	561.00
43.98	559.00
44	522.00
44.02	518.00
44.04	531.00
44.06	548.00
44.08	538.00
44.1	523.00
44.12	547.00
44.14	549.00
44.16	570.00
44.18	541.00
44.2	586.00
44.22	540.00
44.24	590.00
44.26	585.00
44.28	595.00
44.3	593.00
44.32	573.00
44.34	613.00
44.36	636.00
44.38	593.00
44.4	570.00
44.42	617.00
44.44	582.00
44.46	575.00
44.48	558.00
44.5	562.00
44.52	559.00
44.54	537.00
44.56	531.00
44.58	530.00
44.6	563.00
44.62	551.00
44.64	545.00
44.66	561.00
44.68	557.00
44.7	544.00
44.72	529.00
44.74	537.00
44.76	544.00
44.78	529.00
44.8	551.00
44.82	537.00
44.84	542.00
44.86	540.00
44.88	522.00
44.9	576.00
44.92	537.00
44.94	488.00
44.96	526.00
44.98	502.00
45	491.00
45.02	515.00
45.04	527.00
45.06	515.00
45.08	535.00
45.1	544.00
45.12	529.00
45.14	556.00
45.16	507.00
45.18	514.00
45.2	545.00
45.22	520.00
45.24	536.00
45.26	509.00
45.28	509.00
45.3	507.00
45.32	514.00
45.34	560.00
45.36	546.00
45.38	515.00
45.4	519.00
45.42	515.00
45.44	507.00
45.46	521.00
45.48	544.00
45.5	532.00
45.52	533.00
45.54	549.00
45.56	518.00
45.58	516.00
45.6	529.00
45.62	496.00
45.64	540.00
45.66	530.00
45.68	522.00
45.7	495.00
45.72	559.00
45.74	517.00
45.76	518.00
45.78	543.00
45.8	542.00
45.82	492.00
45.84	489.00
45.86	518.00
45.88	539.00
45.9	513.00
45.92	500.00
45.94	487.00
45.96	517.00
45.98	532.00
46	528.00
46.02	510.00
46.04	538.00
46.06	551.00
46.08	517.00
46.1	529.00
46.12	521.00
46.14	538.00
46.16	505.00
46.18	517.00
46.2	500.00
46.22	559.00
46.24	543.00
46.26	524.00
46.28	543.00
46.3	520.00
46.32	489.00
46.34	531.00
46.36	524.00
46.38	526.00
46.4	517.00
46.42	511.00
46.44	526.00
46.46	523.00
46.48	518.00
46.5	531.00
46.52	544.00
46.54	504.00
46.56	518.00
46.58	517.00
46.6	519.00
46.62	520.00
46.64	544.00
46.66	507.00
46.68	520.00
46.7	521.00
46.72	516.00
46.74	511.00
46.76	522.00
46.78	504.00
46.8	562.00
46.82	508.00
46.84	553.00
46.86	510.00
46.88	542.00
46.9	557.00
46.92	515.00
46.94	529.00
46.96	507.00
46.98	517.00
47	533.00
47.02	554.00
47.04	535.00
47.06	560.00
47.08	501.00
47.1	518.00
47.12	498.00
47.14	485.00
47.16	519.00
47.18	489.00
47.2	512.00
47.22	548.00
47.24	539.00
47.26	516.00
47.28	565.00
47.3	529.00
47.32	512.00
47.34	524.00
47.36	488.00
47.38	525.00
47.4	525.00
47.42	523.00
47.44	539.00
47.46	549.00
47.48	536.00
47.5	540.00
47.52	523.00
47.54	511.00
47.56	518.00
47.58	557.00
47.6	559.00
47.62	520.00
47.64	534.00
47.66	500.00
47.68	515.00
47.7	542.00
47.72	541.00
47.74	549.00
47.76	542.00
47.78	522.00
47.8	482.00
47.82	527.00
47.84	535.00
47.86	523.00
47.88	568.00
47.9	529.00
47.92	521.00
47.94	507.00
47.96	564.00
47.98	569.00
48	548.00
48.02	572.00
48.04	553.00
48.06	566.00
48.08	533.00
48.1	553.00
48.12	584.00
48.14	556.00
48.16	564.00
48.18	625.00
48.2	600.00
48.22	605.00
48.24	628.00
48.26	655.00
48.28	601.00
48.3	666.00
48.32	695.00
48.34	682.00
48.36	712.00
48.38	811.00
48.4	882.00
48.42	955.00
48.44	1157.00
48.46	1303.00
48.48	1625.00
48.5	1801.00
48.52	2048.00
48.54	2388.00
48.56	2731.00
48.58	2912.00
48.6	3082.00
48.62	3077.00
48.64	3228.00
48.66	3317.00
48.68	3353.00
48.7	3267.00
48.72	3242.00
48.74	3099.00
48.76	2966.00
48.78	2721.00
48.8	2492.00
48.82	2309.00
48.84	2217.00
48.86	2048.00
48.88	1823.00
48.9	1671.00
48.92	1592.00
48.94	1455.00
48.96	1317.00
48.98	1175.00
49	1123.00
49.02	971.00
49.04	920.00
49.06	845.00
49.08	762.00
49.1	760.00
49.12	697.00
49.14	692.00
49.16	659.00
49.18	617.00
49.2	611.00
49.22	609.00
49.24	607.00
49.26	576.00
49.28	558.00
49.3	579.00
49.32	576.00
49.34	566.00
49.36	551.00
49.38	520.00
49.4	574.00
49.42	581.00
49.44	544.00
49.46	561.00
49.48	541.00
49.5	534.00
49.52	531.00
49.54	519.00
49.56	520.00
49.58	515.00
49.6	535.00
49.62	546.00
49.64	523.00
49.66	509.00
49.68	532.00
49.7	550.00
49.72	532.00
49.74	533.00
49.76	527.00
49.78	533.00
49.8	504.00
49.82	517.00
49.84	522.00
49.86	538.00
49.88	522.00
49.9	552.00
49.92	561.00
49.94	511.00
49.96	509.00
49.98	509.00
50	510.00
50.02	494.00
50.04	506.00
50.06	504.00
50.08	507.00
50.1	504.00
50.12	515.00
50.14	532.00
50.16	494.00
50.18	528.00
50.2	517.00
50.22	498.00
50.24	563.00
50.26	526.00
50.28	485.00
50.3	537.00
50.32	501.00
50.34	492.00
50.36	486.00
50.38	515.00
50.4	518.00
50.42	496.00
50.44	533.00
50.46	481.00
50.48	490.00
50.5	475.00
50.52	487.00
50.54	477.00
50.56	500.00
50.58	488.00
50.6	527.00
50.62	481.00
50.64	517.00
50.66	504.00
50.68	509.00
50.7	486.00
50.72	539.00
50.74	513.00
50.76	548.00
50.78	518.00
50.8	480.00
50.82	528.00
50.84	538.00
50.86	527.00
50.88	509.00
50.9	521.00
50.92	514.00
50.94	538.00
50.96	503.00
50.98	479.00
51	562.00
51.02	484.00
51.04	508.00
51.06	523.00
51.08	513.00
51.1	550.00
51.12	529.00
51.14	507.00
51.16	531.00
51.18	516.00
51.2	528.00
51.22	513.00
51.24	494.00
51.26	454.00
51.28	471.00
51.3	522.00
51.32	493.00
51.34	510.00
51.36	551.00
51.38	505.00
51.4	506.00
51.42	498.00
51.44	503.00
51.46	470.00
51.48	504.00
51.5	493.00
51.52	515.00
51.54	474.00
51.56	506.00
51.58	468.00
51.6	495.00
51.62	479.00
51.64	529.00
51.66	535.00
51.68	527.00
51.7	536.00
51.72	470.00
51.74	508.00
51.76	493.00
51.78	500.00
51.8	531.00
51.82	487.00
51.84	505.00
51.86	470.00
51.88	473.00
51.9	487.00
51.92	518.00
51.94	495.00
51.96	492.00
51.98	492.00
52	497.00
52.02	482.00
52.04	482.00
52.06	474.00
52.08	489.00
52.1	514.00
52.12	490.00
52.14	454.00
52.16	493.00
52.18	537.00
52.2	445.00
52.22	489.00
52.24	482.00
52.26	492.00
52.28	496.00
52.3	480.00
52.32	526.00
52.34	465.00
52.36	507.00
52.38	514.00
52.4	495.00
52.42	499.00
52.44	503.00
52.46	465.00
52.48	512.00
52.5	511.00
52.52	478.00
52.54	488.00
52.56	443.00
52.58	490.00
52.6	495.00
52.62	486.00
52.64	462.00
52.66	496.00
52.68	506.00
52.7	500.00
52.72	458.00
52.74	470.00
52.76	456.00
52.78	516.00
52.8	492.00
52.82	461.00
52.84	460.00
52.86	500.00
52.88	490.00
52.9	482.00
52.92	489.00
52.94	462.00
52.96	495.00
52.98	515.00
53	500.00
53.02	492.00
53.04	492.00
53.06	486.00
53.08	465.00
53.1	501.00
53.12	475.00
53.14	483.00
53.16	479.00
53.18	504.00
53.2	518.00
53.22	473.00
53.24	508.00
53.26	510.00
53.28	481.00
53.3	469.00
53.32	492.00
53.34	480.00
53.36	475.00
53.38	497.00
53.4	484.00
53.42	495.00
53.44	491.00
53.46	494.00
53.48	498.00
53.5	491.00
53.52	464.00
53.54	495.00
53.56	478.00
53.58	505.00
53.6	498.00
53.62	493.00
53.64	510.00
53.66	475.00
53.68	504.00
53.7	495.00
53.72	479.00
53.74	491.00
53.76	552.00
53.78	513.00
53.8	499.00
53.82	497.00
53.84	502.00
53.86	498.00
53.88	489.00
53.9	481.00
53.92	477.00
53.94	516.00
53.96	491.00
53.98	492.00
54	467.00
54.02	525.00
54.04	499.00
54.06	486.00
54.08	523.00
54.1	500.00
54.12	509.00
54.14	507.00
54.16	494.00
54.18	489.00
54.2	466.00
54.22	488.00
54.24	482.00
54.26	493.00
54.28	485.00
54.3	477.00
54.32	536.00
54.34	508.00
54.36	464.00
54.38	501.00
54.4	507.00
54.42	488.00
54.44	460.00
54.46	495.00
54.48	474.00
54.5	463.00
54.52	461.00
54.54	536.00
54.56	504.00
54.58	510.00
54.6	499.00
54.62	482.00
54.64	478.00
54.66	472.00
54.68	484.00
54.7	484.00
54.72	484.00
54.74	483.00
54.76	461.00
54.78	469.00
54.8	482.00
54.82	463.00
54.84	466.00
54.86	450.00
54.88	458.00
54.9	495.00
54.92	475.00
54.94	490.00
54.96	455.00
54.98	482.00
55	478.00
55.02	477.00
55.04	480.00
55.06	477.00
55.08	460.00
55.1	463.00
55.12	467.00
55.14	481.00
55.16	504.00
55.18	466.00
55.2	454.00
55.22	497.00
55.24	477.00
55.26	456.00
55.28	465.00
55.3	499.00
55.32	447.00
55.34	505.00
55.36	501.00
55.38	476.00
55.4	504.00
55.42	464.00
55.44	488.00
55.46	469.00
55.48	469.00
55.5	473.00
55.52	494.00
55.54	484.00
55.56	465.00
55.58	473.00
55.6	494.00
55.62	496.00
55.64	465.00
55.66	473.00
55.68	482.00
55.7	473.00
55.72	475.00
55.74	471.00
55.76	446.00
55.78	495.00
55.8	465.00
55.82	495.00
55.84	518.00
55.86	484.00
55.88	451.00
55.9	496.00
55.92	511.00
55.94	495.00
55.96	473.00
55.98	451.00
56	496.00
56.02	455.00
56.04	470.00
56.06	482.00
56.08	484.00
56.1	495.00
56.12	461.00
56.14	472.00
56.16	509.00
56.18	483.00
56.2	453.00
56.22	471.00
56.24	484.00
56.26	486.00
56.28	520.00
56.3	449.00
56.32	471.00
56.34	484.00
56.36	489.00
56.38	507.00
56.4	477.00
56.42	456.00
56.44	478.00
56.46	468.00
56.48	475.00
56.5	469.00
56.52	518.00
56.54	474.00
56.56	501.00
56.58	471.00
56.6	469.00
56.62	468.00
56.64	495.00
56.66	507.00
56.68	467.00
56.7	463.00
56.72	473.00
56.74	502.00
56.76	487.00
56.78	483.00
56.8	469.00
56.82	498.00
56.84	489.00
56.86	471.00
56.88	495.00
56.9	483.00
56.92	501.00
56.94	499.00
56.96	474.00
56.98	474.00
57	484.00
57.02	503.00
57.04	485.00
57.06	502.00
57.08	465.00
57.1	479.00
57.12	487.00
57.14	467.00
57.16	481.00
57.18	485.00
57.2	461.00
57.22	480.00
57.24	459.00
57.26	475.00
57.28	492.00
57.3	484.00
57.32	490.00
57.34	463.00
57.36	501.00
57.38	493.00
57.4	476.00
57.42	465.00
57.44	478.00
57.46	477.00
57.48	486.00
57.5	497.00
57.52	449.00
57.54	463.00
57.56	443.00
57.58	470.00
57.6	491.00
57.62	500.00
57.64	551.00
57.66	451.00
57.68	482.00
57.7	472.00
57.72	488.00
57.74	472.00
57.76	479.00
57.78	500.00
57.8	522.00
57.82	477.00
57.84	513.00
57.86	503.00
57.88	503.00
57.9	526.00
57.92	520.00
57.94	531.00
57.96	547.00
57.98	547.00
58	553.00
58.02	522.00
58.04	548.00
58.06	565.00
58.08	562.00
58.1	540.00
58.12	581.00
58.14	514.00
58.16	548.00
58.18	504.00
58.2	511.00
58.22	527.00
58.24	493.00
58.26	491.00
58.28	510.00
58.3	519.00
58.32	540.00
58.34	486.00
58.36	490.00
58.38	499.00
58.4	523.00
58.42	468.00
58.44	496.00
58.46	514.00
58.48	522.00
58.5	503.00
58.52	478.00
58.54	493.00
58.56	459.00
58.58	473.00
58.6	469.00
58.62	450.00
58.64	464.00
58.66	479.00
58.68	449.00
58.7	482.00
58.72	510.00
58.74	489.00
58.76	492.00
58.78	482.00
58.8	485.00
58.82	474.00
58.84	480.00
58.86	491.00
58.88	495.00
58.9	485.00
58.92	462.00
58.94	480.00
58.96	472.00
58.98	472.00
59	474.00
59.02	473.00
59.04	494.00
59.06	519.00
59.08	493.00
59.1	548.00
59.12	530.00
59.14	523.00
59.16	488.00
59.18	491.00
59.2	505.00
59.22	497.00
59.24	533.00
59.26	498.00
59.28	558.00
59.3	587.00
59.32	617.00
59.34	642.00
59.36	664.00
59.38	743.00
59.4	810.00
59.42	827.00
59.44	906.00
59.46	915.00
59.48	991.00
59.5	1092.00
59.52	1031.00
59.54	996.00
59.56	1042.00
59.58	1091.00
59.6	1099.00
59.62	1162.00
59.64	1141.00
59.66	1088.00
59.68	1188.00
59.7	1068.00
59.72	1038.00
59.74	1006.00
59.76	959.00
59.78	948.00
59.8	879.00
59.82	875.00
59.84	827.00
59.86	811.00
59.88	813.00
59.9	728.00
59.92	696.00
59.94	662.00
59.96	653.00
59.98	621.00
60	617.00
60.02	573.00
60.04	607.00
60.06	555.00
60.08	537.00
60.1	536.00
60.12	502.00
60.14	522.00
60.16	524.00
60.18	513.00
60.2	483.00
60.22	489.00
60.24	474.00
60.26	465.00
60.28	515.00
60.3	491.00
60.32	492.00
60.34	515.00
60.36	481.00
60.38	493.00
60.4	463.00
60.42	470.00
60.44	493.00
60.46	480.00
60.48	479.00
60.5	503.00
60.52	484.00
60.54	462.00
60.56	493.00
60.58	469.00
60.6	465.00
60.62	485.00
60.64	500.00
60.66	464.00
60.68	471.00
60.7	458.00
60.72	472.00
60.74	485.00
60.76	462.00
60.78	479.00
60.8	514.00
60.82	467.00
60.84	498.00
60.86	495.00
60.88	475.00
60.9	461.00
60.92	489.00
60.94	466.00
60.96	474.00
60.98	450.00
61	454.00
61.02	466.00
61.04	486.00
61.06	453.00
61.08	487.00
61.1	505.00
61.12	484.00
61.14	480.00
61.16	467.00
61.18	444.00
61.2	452.00
61.22	495.00
61.24	503.00
61.26	500.00
61.28	446.00
61.3	443.00
61.32	449.00
61.34	458.00
61.36	482.00
61.38	459.00
61.4	458.00
61.42	539.00
61.44	494.00
61.46	473.00
61.48	467.00
61.5	458.00
61.52	497.00
61.54	504.00
61.56	464.00
61.58	466.00
61.6	477.00
61.62	479.00
61.64	463.00
61.66	434.00
61.68	445.00
61.7	468.00
61.72	475.00
61.74	503.00
61.76	488.00
61.78	469.00
61.8	441.00
61.82	490.00
61.84	460.00
61.86	482.00
61.88	466.00
61.9	463.00
61.92	482.00
61.94	491.00
61.96	500.00
61.98	494.00
62	529.00
62.02	508.00
62.04	487.00
62.06	501.00
62.08	493.00
62.1	525.00
62.12	531.00
62.14	523.00
62.16	490.00
62.18	478.00
62.2	475.00
62.22	485.00
62.24	507.00
62.26	492.00
62.28	467.00
62.3	516.00
62.32	511.00
62.34	498.00
62.36	508.00
62.38	546.00
62.4	469.00
62.42	472.00
62.44	525.00
62.46	489.00
62.48	492.00
62.5	490.00
62.52	460.00
62.54	456.00
62.56	451.00
62.58	459.00
62.6	471.00
62.62	493.00
62.64	483.00
62.66	466.00
62.68	504.00
62.7	517.00
62.72	456.00
62.74	470.00
62.76	453.00
62.78	452.00
62.8	482.00
62.82	459.00
62.84	467.00
62.86	446.00
62.88	447.00
62.9	456.00
62.92	461.00
62.94	482.00
62.96	511.00
62.98	499.00
63	471.00
63.02	480.00
63.04	442.00
63.06	437.00
63.08	461.00
63.1	490.00
63.12	464.00
63.14	463.00
63.16	475.00
63.18	431.00
63.2	466.00
63.22	488.00
63.24	429.00
63.26	466.00
63.28	439.00
63.3	445.00
63.32	490.00
63.34	456.00
63.36	481.00
63.38	467.00
63.4	475.00
63.42	506.00
63.44	450.00
63.46	467.00
63.48	489.00
63.5	467.00
63.52	492.00
63.54	486.00
63.56	434.00
63.58	477.00
63.6	483.00
63.62	473.00
63.64	481.00
63.66	497.00
63.68	487.00
63.7	446.00
63.72	497.00
63.74	454.00
63.76	510.00
63.78	493.00
63.8	459.00
63.82	486.00
63.84	481.00
63.86	454.00
63.88	454.00
63.9	464.00
63.92	456.00
63.94	475.00
63.96	481.00
63.98	479.00
64	467.00
64.02	479.00
64.04	479.00
64.06	466.00
64.08	484.00
64.1	454.00
64.12	505.00
64.14	493.00
64.16	453.00
64.18	489.00
64.2	489.00
64.22	487.00
64.24	470.00
64.26	467.00
64.28	491.00
64.3	460.00
64.32	472.00
64.34	492.00
64.36	475.00
64.38	461.00
64.4	472.00
64.42	495.00
64.44	493.00
64.46	447.00
64.48	446.00
64.5	503.00
64.52	454.00
64.54	458.00
64.56	493.00
64.58	508.00
64.6	475.00
64.62	468.00
64.64	452.00
64.66	477.00
64.68	473.00
64.7	497.00
64.72	508.00
64.74	482.00
64.76	472.00
64.78	457.00
64.8	477.00
64.82	476.00
64.84	467.00
64.86	468.00
64.88	477.00
64.9	497.00
64.92	464.00
64.94	474.00
64.96	494.00
64.98	488.00
65	481.00
65.02	519.00
65.04	508.00
65.06	483.00
65.08	493.00
65.1	504.00
65.12	495.00
65.14	516.00
65.16	489.00
65.18	533.00
65.2	538.00
65.22	543.00
65.24	511.00
65.26	542.00
65.28	525.00
65.3	568.00
65.32	577.00
65.34	644.00
65.36	677.00
65.38	748.00
65.4	772.00
65.42	895.00
65.44	956.00
65.46	994.00
65.48	1053.00
65.5	1151.00
65.52	1220.00
65.54	1292.00
65.56	1423.00
65.58	1402.00
65.6	1396.00
65.62	1399.00
65.64	1382.00
65.66	1286.00
65.68	1307.00
65.7	1315.00
65.72	1240.00
65.74	1224.00
65.76	1231.00
65.78	1205.00
65.8	1158.00
65.82	1006.00
65.84	986.00
65.86	979.00
65.88	948.00
65.9	913.00
65.92	813.00
65.94	843.00
65.96	816.00
65.98	798.00
66	753.00
66.02	750.00
66.04	698.00
66.06	693.00
66.08	666.00
66.1	619.00
66.12	611.00
66.14	586.00
66.16	593.00
66.18	569.00
66.2	572.00
66.22	542.00
66.24	544.00
66.26	540.00
66.28	578.00
66.3	564.00
66.32	537.00
66.34	530.00
66.36	501.00
66.38	534.00
66.4	518.00
66.42	533.00
66.44	515.00
66.46	477.00
66.48	485.00
66.5	519.00
66.52	481.00
66.54	525.00
66.56	493.00
66.58	500.00
66.6	501.00
66.62	481.00
66.64	506.00
66.66	461.00
66.68	489.00
66.7	499.00
66.72	485.00
66.74	494.00
66.76	465.00
66.78	485.00
66.8	476.00
66.82	470.00
66.84	461.00
66.86	482.00
66.88	516.00
66.9	501.00
66.92	496.00
66.94	466.00
66.96	468.00
66.98	452.00
67	477.00
67.02	479.00
67.04	483.00
67.06	479.00
67.08	499.00
67.1	452.00
67.12	483.00
67.14	476.00
67.16	483.00
67.18	439.00
67.2	451.00
67.22	480.00
67.24	462.00
67.26	463.00
67.28	464.00
67.3	498.00
67.32	502.00
67.34	474.00
67.36	473.00
67.38	476.00
67.4	531.00
67.42	486.00
67.44	490.00
67.46	529.00
67.48	522.00
67.5	474.00
67.52	502.00
67.54	501.00
67.56	519.00
67.58	516.00
67.6	499.00
67.62	528.00
67.64	559.00
67.66	535.00
67.68	525.00
67.7	537.00
67.72	510.00
67.74	507.00
67.76	528.00
67.78	514.00
67.8	518.00
67.82	489.00
67.84	515.00
67.86	501.00
67.88	484.00
67.9	459.00
67.92	522.00
67.94	463.00
67.96	469.00
67.98	475.00
68	485.00
68.02	477.00
68.04	487.00
68.06	456.00
68.08	504.00
68.1	421.00
68.12	487.00
68.14	484.00
68.16	424.00
68.18	473.00
68.2	494.00
68.22	470.00
68.24	465.00
68.26	496.00
68.28	512.00
68.3	476.00
68.32	459.00
68.34	415.00
68.36	467.00
68.38	454.00
68.4	466.00
68.42	468.00
68.44	476.00
68.46	445.00
68.48	475.00
68.5	433.00
68.52	466.00
68.54	446.00
68.56	473.00
68.58	461.00
68.6	444.00
68.62	462.00
68.64	459.00
68.66	471.00
68.68	476.00
68.7	459.00
68.72	465.00
68.74	467.00
68.76	432.00
68.78	455.00
68.8	479.00
68.82	456.00
68.84	468.00
68.86	456.00
68.88	484.00
68.9	436.00
68.92	447.00
68.94	493.00
68.96	475.00
68.98	482.00
69	456.00
69.02	480.00
69.04	485.00
69.06	484.00
69.08	468.00
69.1	466.00
69.12	434.00
69.14	450.00
69.16	474.00
69.18	496.00
69.2	488.00
69.22	470.00
69.24	490.00
69.26	455.00
69.28	435.00
69.3	473.00
69.32	447.00
69.34	484.00
69.36	459.00
69.38	478.00
69.4	467.00
69.42	491.00
69.44	462.00
69.46	465.00
69.48	466.00
69.5	436.00
69.52	470.00
69.54	441.00
69.56	438.00
69.58	506.00
69.6	470.00
69.62	462.00
69.64	464.00
69.66	449.00
69.68	460.00
69.7	476.00
69.72	451.00
69.74	444.00
69.76	476.00
69.78	434.00
69.8	479.00
69.82	483.00
69.84	450.00
69.86	481.00
69.88	476.00
69.9	515.00
69.92	515.00
69.94	519.00
69.96	481.00
69.98	478.00
70	470.00
70.02	465.00
70.04	475.00
70.06	439.00
70.08	487.00
70.1	509.00
70.12	502.00
70.14	459.00
70.16	438.00
70.18	490.00
70.2	486.00
70.22	477.00
70.24	508.00
70.26	470.00
70.28	470.00
70.3	488.00
70.32	453.00
70.34	463.00
70.36	468.00
70.38	465.00
70.4	470.00
70.42	483.00
70.44	459.00
70.46	419.00
70.48	457.00
70.5	469.00
70.52	504.00
70.54	481.00
70.56	445.00
70.58	471.00
70.6	476.00
70.62	472.00
70.64	456.00
70.66	463.00
70.68	467.00
70.7	459.00
70.72	450.00
70.74	457.00
70.76	464.00
70.78	492.00
70.8	439.00
70.82	447.00
70.84	453.00
70.86	459.00
70.88	459.00
70.9	451.00
70.92	478.00
70.94	470.00
70.96	490.00
70.98	471.00
71	468.00
71.02	437.00
71.04	462.00
71.06	433.00
71.08	464.00
71.1	465.00
71.12	438.00
71.14	453.00
71.16	480.00
71.18	476.00
71.2	464.00
71.22	463.00
71.24	430.00
71.26	448.00
71.28	477.00
71.3	471.00
71.32	453.00
71.34	456.00
71.36	461.00
71.38	473.00
71.4	497.00
71.42	469.00
71.44	455.00
71.46	475.00
71.48	471.00
71.5	466.00
71.52	444.00
71.54	438.00
71.56	441.00
71.58	460.00
71.6	495.00
71.62	478.00
71.64	463.00
71.66	459.00
71.68	511.00
71.7	481.00
71.72	473.00
71.74	474.00
71.76	467.00
71.78	464.00
71.8	458.00
71.82	477.00
71.84	442.00
71.86	441.00
71.88	497.00
71.9	463.00
71.92	488.00
71.94	457.00
71.96	453.00
71.98	464.00
72	454.00
72.02	458.00
72.04	475.00
72.06	493.00
72.08	485.00
72.1	466.00
72.12	458.00
72.14	455.00
72.16	451.00
72.18	453.00
72.2	450.00
72.22	472.00
72.24	485.00
72.26	465.00
72.28	476.00
72.3	487.00
72.32	463.00
72.34	482.00
72.36	487.00
72.38	482.00
72.4	485.00
72.42	441.00
72.44	437.00
72.46	504.00
72.48	490.00
72.5	502.00
72.52	472.00
72.54	497.00
72.56	459.00
72.58	471.00
72.6	458.00
72.62	469.00
72.64	508.00
72.66	476.00
72.68	439.00
72.7	430.00
72.72	463.00
72.74	524.00
72.76	517.00
72.78	486.00
72.8	451.00
72.82	466.00
72.84	475.00
72.86	474.00
72.88	492.00
72.9	485.00
72.92	469.00
72.94	486.00
72.96	479.00
72.98	470.00
73	494.00
73.02	477.00
73.04	462.00
73.06	421.00
73.08	460.00
73.1	473.00
73.12	467.00
73.14	462.00
73.16	477.00
73.18	450.00
73.2	477.00
73.22	464.00
73.24	421.00
73.26	494.00
73.28	481.00
73.3	479.00
73.32	485.00
73.34	497.00
73.36	471.00
73.38	487.00
73.4	486.00
73.42	483.00
73.44	476.00
73.46	503.00
73.48	466.00
73.5	511.00
73.52	490.00
73.54	500.00
73.56	490.00
73.58	488.00
73.6	500.00
73.62	496.00
73.64	490.00
73.66	542.00
73.68	522.00
73.7	523.00
73.72	511.00
73.74	485.00
73.76	514.00
73.78	510.00
73.8	508.00
73.82	482.00
73.84	487.00
73.86	494.00
73.88	499.00
73.9	494.00
73.92	463.00
73.94	501.00
73.96	495.00
73.98	507.00
74	487.00
74.02	506.00
74.04	510.00
74.06	453.00
74.08	496.00
74.1	546.00
74.12	504.00
74.14	510.00
74.16	503.00
74.18	482.00
74.2	505.00
74.22	511.00
74.24	496.00
74.26	476.00
74.28	467.00
74.3	484.00
74.32	482.00
74.34	489.00
74.36	505.00
74.38	502.00
74.4	503.00
74.42	532.00
74.44	520.00
74.46	503.00
74.48	513.00
74.5	565.00
74.52	556.00
74.54	505.00
74.56	522.00
74.58	520.00
74.6	531.00
74.62	523.00
74.64	586.00
74.66	567.00
74.68	579.00
74.7	578.00
74.72	587.00
74.74	610.00
74.76	639.00
74.78	603.00
74.8	713.00
74.82	769.00
74.84	846.00
74.86	996.00
74.88	1020.00
74.9	1042.00
74.92	1125.00
74.94	1218.00
74.96	1263.00
74.98	1293.00
75	1353.00
75.02	1389.00
75.04	1338.00
75.06	1350.00
75.08	1390.00
75.1	1438.00
75.12	1395.00
75.14	1359.00
75.16	1432.00
75.18	1527.00
75.2	1382.00
75.22	1356.00
75.24	1366.00
75.26	1268.00
75.28	1201.00
75.3	1184.00
75.32	1165.00
75.34	1155.00
75.36	1114.00
75.38	1100.00
75.4	1016.00
75.42	1006.00
75.44	896.00
75.46	914.00
75.48	842.00
75.5	812.00
75.52	840.00
75.54	787.00
75.56	709.00
75.58	695.00
75.6	685.00
75.62	684.00
75.64	658.00
75.66	627.00
75.68	624.00
75.7	595.00
75.72	587.00
75.74	591.00
75.76	586.00
75.78	578.00
75.8	595.00
75.82	536.00
75.84	549.00
75.86	516.00
75.88	515.00
75.9	499.00
75.92	510.00
75.94	525.00
75.96	465.00
75.98	505.00
76	513.00
76.02	494.00
76.04	482.00
76.06	468.00
76.08	474.00
76.1	472.00
76.12	483.00
76.14	481.00
76.16	478.00
76.18	481.00
76.2	484.00
76.22	441.00
76.24	456.00
76.26	465.00
76.28	487.00
76.3	463.00
76.32	483.00
76.34	461.00
76.36	445.00
76.38	438.00
76.4	482.00
76.42	443.00
76.44	460.00
76.46	486.00
76.48	455.00
76.5	460.00
76.52	445.00
76.54	480.00
76.56	495.00
76.58	471.00
76.6	443.00
76.62	451.00
76.64	477.00
76.66	487.00
76.68	468.00
76.7	485.00
76.72	455.00
76.74	488.00
76.76	471.00
76.78	484.00
76.8	462.00
76.82	457.00
76.84	468.00
76.86	481.00
76.88	472.00
76.9	469.00
76.92	480.00
76.94	458.00
76.96	450.00
76.98	465.00
77	486.00
77.02	450.00
77.04	492.00
77.06	493.00
77.08	510.00
77.1	460.00
77.12	492.00
77.14	521.00
77.16	509.00
77.18	493.00
77.2	464.00
77.22	505.00
77.24	479.00
77.26	535.00
77.28	520.00
77.3	515.00
77.32	513.00
77.34	505.00
77.36	531.00
77.38	492.00
77.4	499.00
77.42	516.00
77.44	550.00
77.46	495.00
77.48	501.00
77.5	462.00
77.52	510.00
77.54	488.00
77.56	520.00
77.58	502.00
77.6	515.00
77.62	526.00
77.64	504.00
77.66	463.00
77.68	488.00
77.7	480.00
77.72	470.00
77.74	479.00
77.76	464.00
77.78	441.00
77.8	482.00
77.82	481.00
77.84	481.00
77.86	433.00
77.88	487.00
77.9	512.00
77.92	479.00
77.94	450.00
77.96	498.00
77.98	471.00
78	434.00
78.02	481.00
78.04	491.00
78.06	449.00
78.08	433.00
78.1	479.00
78.12	450.00
78.14	445.00
78.16	480.00
78.18	430.00
78.2	462.00
78.22	498.00
78.24	446.00
78.26	489.00
78.28	445.00
78.3	464.00
78.32	429.00
78.34	411.00
78.36	441.00
78.38	446.00
78.4	450.00
78.42	456.00
78.44	459.00
78.46	448.00
78.48	427.00
78.5	463.00
78.52	463.00
78.54	433.00
78.56	464.00
78.58	459.00
78.6	467.00
78.62	432.00
78.64	480.00
78.66	457.00
78.68	474.00
78.7	499.00
78.72	469.00
78.74	449.00
78.76	438.00
78.78	452.00
78.8	441.00
78.82	444.00
78.84	475.00
78.86	448.00
78.88	459.00
78.9	478.00
78.92	455.00
78.94	440.00
78.96	443.00
78.98	441.00
79	437.00
79.02	440.00
79.04	473.00
79.06	459.00
79.08	480.00
79.1	460.00
79.12	489.00
79.14	457.00
79.16	442.00
79.18	473.00
79.2	464.00
79.22	484.00
79.24	487.00
79.26	468.00
79.28	436.00
79.3	477.00
79.32	508.00
79.34	442.00
79.36	491.00
79.38	431.00
79.4	457.00
79.42	436.00
79.44	463.00
79.46	486.00
79.48	450.00
79.5	454.00
79.52	455.00
79.54	476.00
79.56	447.00
79.58	454.00
79.6	503.00
79.62	485.00
79.64	462.00
79.66	478.00
79.68	509.00
79.7	490.00
79.72	475.00
79.74	478.00
79.76	429.00
79.78	464.00
79.8	438.00
79.82	473.00
79.84	471.00
79.86	471.00
79.88	440.00
79.9	434.00
79.92	472.00
79.94	476.00
79.96	506.00
79.98	470.00
80	454.00
