20251215-CHY-I-001-c
Wavelength = 1.54059
5	377.00
5.02	394.00
5.04	406.00
5.06	396.00
5.08	400.00
5.1	403.00
5.12	368.00
5.14	368.00
5.16	372.00
5.18	368.00
5.2	406.00
5.22	437.00
5.24	406.00
5.26	403.00
5.28	408.00
5.3	391.00
5.32	411.00
5.34	392.00
5.36	418.00
5.38	410.00
5.4	405.00
5.42	439.00
5.44	392.00
5.46	421.00
5.48	422.00
5.5	424.00
5.52	409.00
5.54	396.00
5.56	399.00
5.58	416.00
5.6	409.00
5.62	411.00
5.64	417.00
5.66	439.00
5.68	435.00
5.7	399.00
5.72	400.00
5.74	405.00
5.76	465.00
5.78	450.00
5.8	455.00
5.82	406.00
5.84	410.00
5.86	439.00
5.88	463.00
5.9	404.00
5.92	397.00
5.94	429.00
5.96	460.00
5.98	416.00
6	436.00
6.02	433.00
6.04	434.00
6.06	416.00
6.08	468.00
6.1	434.00
6.12	415.00
6.14	425.00
6.16	426.00
6.18	449.00
6.2	461.00
6.22	436.00
6.24	420.00
6.26	440.00
6.28	474.00
6.3	517.00
6.32	470.00
6.34	440.00
6.36	483.00
6.38	456.00
6.4	432.00
6.42	441.00
6.44	476.00
6.46	482.00
6.48	456.00
6.5	436.00
6.52	459.00
6.54	441.00
6.56	442.00
6.58	455.00
6.6	446.00
6.62	469.00
6.64	464.00
6.66	464.00
6.68	452.00
6.7	473.00
6.72	486.00
6.74	456.00
6.76	457.00
6.78	485.00
6.8	461.00
6.82	488.00
6.84	456.00
6.86	516.00
6.88	469.00
6.9	482.00
6.92	472.00
6.94	478.00
6.96	492.00
6.98	475.00
7	439.00
7.02	468.00
7.04	489.00
7.06	480.00
7.08	476.00
7.1	496.00
7.12	518.00
7.14	497.00
7.16	498.00
7.18	511.00
7.2	479.00
7.22	454.00
7.24	456.00
7.26	499.00
7.28	516.00
7.3	444.00
7.32	456.00
7.34	494.00
7.36	479.00
7.38	514.00
7.4	486.00
7.42	500.00
7.44	512.00
7.46	498.00
7.48	505.00
7.5	525.00
7.52	522.00
7.54	506.00
7.56	511.00
7.58	482.00
7.6	470.00
7.62	515.00
7.64	509.00
7.66	535.00
7.68	487.00
7.7	503.00
7.72	481.00
7.74	509.00
7.76	510.00
7.78	512.00
7.8	516.00
7.82	505.00
7.84	489.00
7.86	548.00
7.88	510.00
7.9	493.00
7.92	521.00
7.94	524.00
7.96	539.00
7.98	539.00
8	525.00
8.02	497.00
8.04	524.00
8.06	533.00
8.08	534.00
8.1	553.00
8.12	537.00
8.14	535.00
8.16	516.00
8.18	549.00
8.2	529.00
8.22	495.00
8.24	532.00
8.26	543.00
8.28	535.00
8.3	586.00
8.32	551.00
8.34	530.00
8.36	553.00
8.38	554.00
8.4	525.00
8.42	587.00
8.44	557.00
8.46	603.00
8.48	555.00
8.5	575.00
8.52	531.00
8.54	522.00
8.56	550.00
8.58	542.00
8.6	538.00
8.62	557.00
8.64	555.00
8.66	565.00
8.68	531.00
8.7	544.00
8.72	563.00
8.74	566.00
8.76	562.00
8.78	564.00
8.8	553.00
8.82	590.00
8.84	556.00
8.86	577.00
8.88	558.00
8.9	599.00
8.92	586.00
8.94	599.00
8.96	578.00
8.98	562.00
9	580.00
9.02	571.00
9.04	557.00
9.06	562.00
9.08	555.00
9.1	591.00
9.12	587.00
9.14	601.00
9.16	566.00
9.18	601.00
9.2	578.00
9.22	579.00
9.24	621.00
9.26	571.00
9.28	596.00
9.3	594.00
9.32	553.00
9.34	567.00
9.36	617.00
9.38	575.00
9.4	548.00
9.42	555.00
9.44	574.00
9.46	572.00
9.48	608.00
9.5	604.00
9.52	626.00
9.54	588.00
9.56	564.00
9.58	595.00
9.6	588.00
9.62	606.00
9.64	605.00
9.66	578.00
9.68	579.00
9.7	564.00
9.72	579.00
9.74	598.00
9.76	598.00
9.78	617.00
9.8	613.00
9.82	637.00
9.84	599.00
9.86	586.00
9.88	645.00
9.9	617.00
9.92	597.00
9.94	565.00
9.96	631.00
9.98	613.00
10	595.00
10.02	588.00
10.04	616.00
10.06	630.00
10.08	636.00
10.1	625.00
10.12	619.00
10.14	628.00
10.16	595.00
10.18	635.00
10.2	630.00
10.22	636.00
10.24	649.00
10.26	618.00
10.28	609.00
10.3	623.00
10.32	609.00
10.34	627.00
10.36	668.00
10.38	614.00
10.4	613.00
10.42	642.00
10.44	634.00
10.46	651.00
10.48	637.00
10.5	645.00
10.52	656.00
10.54	658.00
10.56	655.00
10.58	630.00
10.6	641.00
10.62	657.00
10.64	672.00
10.66	644.00
10.68	666.00
10.7	668.00
10.72	661.00
10.74	641.00
10.76	652.00
10.78	659.00
10.8	664.00
10.82	668.00
10.84	626.00
10.86	674.00
10.88	671.00
10.9	662.00
10.92	655.00
10.94	598.00
10.96	645.00
10.98	661.00
11	667.00
11.02	672.00
11.04	668.00
11.06	678.00
11.08	699.00
11.1	660.00
11.12	624.00
11.14	633.00
11.16	673.00
11.18	730.00
11.2	670.00
11.22	632.00
11.24	695.00
11.26	688.00
11.28	641.00
11.3	684.00
11.32	631.00
11.34	665.00
11.36	651.00
11.38	638.00
11.4	674.00
11.42	678.00
11.44	650.00
11.46	656.00
11.48	695.00
11.5	690.00
11.52	709.00
11.54	696.00
11.56	677.00
11.58	685.00
11.6	682.00
11.62	675.00
11.64	682.00
11.66	663.00
11.68	678.00
11.7	668.00
11.72	697.00
11.74	682.00
11.76	750.00
11.78	729.00
11.8	730.00
11.82	701.00
11.84	694.00
11.86	721.00
11.88	685.00
11.9	737.00
11.92	698.00
11.94	651.00
11.96	687.00
11.98	708.00
12	725.00
12.02	728.00
12.04	678.00
12.06	721.00
12.08	674.00
12.1	689.00
12.12	691.00
12.14	699.00
12.16	689.00
12.18	708.00
12.2	704.00
12.22	724.00
12.24	681.00
12.26	736.00
12.28	670.00
12.3	722.00
12.32	704.00
12.34	736.00
12.36	716.00
12.38	681.00
12.4	755.00
12.42	734.00
12.44	724.00
12.46	708.00
12.48	706.00
12.5	762.00
12.52	706.00
12.54	695.00
12.56	723.00
12.58	725.00
12.6	706.00
12.62	742.00
12.64	699.00
12.66	732.00
12.68	717.00
12.7	735.00
12.72	730.00
12.74	714.00
12.76	729.00
12.78	717.00
12.8	746.00
12.82	740.00
12.84	733.00
12.86	717.00
12.88	726.00
12.9	731.00
12.92	722.00
12.94	724.00
12.96	749.00
12.98	708.00
13	763.00
13.02	797.00
13.04	763.00
13.06	738.00
13.08	759.00
13.1	756.00
13.12	747.00
13.14	760.00
13.16	784.00
13.18	755.00
13.2	723.00
13.22	724.00
13.24	783.00
13.26	770.00
13.28	715.00
13.3	728.00
13.32	766.00
13.34	772.00
13.36	704.00
13.38	718.00
13.4	778.00
13.42	774.00
13.44	715.00
13.46	784.00
13.48	740.00
13.5	791.00
13.52	791.00
13.54	764.00
13.56	748.00
13.58	794.00
13.6	766.00
13.62	803.00
13.64	762.00
13.66	759.00
13.68	729.00
13.7	772.00
13.72	744.00
13.74	797.00
13.76	787.00
13.78	770.00
13.8	789.00
13.82	797.00
13.84	775.00
13.86	807.00
13.88	741.00
13.9	781.00
13.92	797.00
13.94	815.00
13.96	825.00
13.98	825.00
14	781.00
14.02	744.00
14.04	804.00
14.06	789.00
14.08	810.00
14.1	804.00
14.12	810.00
14.14	844.00
14.16	820.00
14.18	805.00
14.2	796.00
14.22	793.00
14.24	819.00
14.26	786.00
14.28	813.00
14.3	799.00
14.32	836.00
14.34	854.00
14.36	802.00
14.38	802.00
14.4	800.00
14.42	779.00
14.44	776.00
14.46	822.00
14.48	791.00
14.5	797.00
14.52	814.00
14.54	857.00
14.56	785.00
14.58	767.00
14.6	798.00
14.62	823.00
14.64	822.00
14.66	788.00
14.68	825.00
14.7	832.00
14.72	883.00
14.74	822.00
14.76	808.00
14.78	844.00
14.8	906.00
14.82	850.00
14.84	833.00
14.86	783.00
14.88	824.00
14.9	812.00
14.92	831.00
14.94	866.00
14.96	817.00
14.98	915.00
15	768.00
15.02	834.00
15.04	779.00
15.06	877.00
15.08	916.00
15.1	796.00
15.12	800.00
15.14	832.00
15.16	833.00
15.18	846.00
15.2	853.00
15.22	864.00
15.24	844.00
15.26	827.00
15.28	822.00
15.3	859.00
15.32	778.00
15.34	882.00
15.36	846.00
15.38	876.00
15.4	828.00
15.42	879.00
15.44	841.00
15.46	854.00
15.48	834.00
15.5	852.00
15.52	834.00
15.54	841.00
15.56	833.00
15.58	853.00
15.6	802.00
15.62	842.00
15.64	843.00
15.66	887.00
15.68	863.00
15.7	866.00
15.72	859.00
15.74	893.00
15.76	854.00
15.78	845.00
15.8	880.00
15.82	873.00
15.84	859.00
15.86	885.00
15.88	901.00
15.9	890.00
15.92	869.00
15.94	902.00
15.96	869.00
15.98	836.00
16	864.00
16.02	897.00
16.04	868.00
16.06	879.00
16.08	883.00
16.1	867.00
16.12	849.00
16.14	823.00
16.16	811.00
16.18	975.00
16.2	911.00
16.22	906.00
16.24	880.00
16.26	862.00
16.28	903.00
16.3	854.00
16.32	882.00
16.34	891.00
16.36	865.00
16.38	860.00
16.4	870.00
16.42	888.00
16.44	883.00
16.46	933.00
16.48	890.00
16.5	887.00
16.52	893.00
16.54	910.00
16.56	907.00
16.58	962.00
16.6	918.00
16.62	886.00
16.64	910.00
16.66	879.00
16.68	913.00
16.7	897.00
16.72	942.00
16.74	911.00
16.76	943.00
16.78	906.00
16.8	903.00
16.82	901.00
16.84	911.00
16.86	931.00
16.88	916.00
16.9	880.00
16.92	862.00
16.94	924.00
16.96	873.00
16.98	914.00
17	889.00
17.02	956.00
17.04	893.00
17.06	913.00
17.08	919.00
17.1	910.00
17.12	894.00
17.14	901.00
17.16	904.00
17.18	942.00
17.2	929.00
17.22	961.00
17.24	970.00
17.26	878.00
17.28	950.00
17.3	951.00
17.32	923.00
17.34	978.00
17.36	976.00
17.38	930.00
17.4	894.00
17.42	930.00
17.44	955.00
17.46	934.00
17.48	944.00
17.5	949.00
17.52	949.00
17.54	961.00
17.56	965.00
17.58	915.00
17.6	959.00
17.62	971.00
17.64	931.00
17.66	963.00
17.68	1002.00
17.7	939.00
17.72	975.00
17.74	964.00
17.76	965.00
17.78	968.00
17.8	997.00
17.82	893.00
17.84	926.00
17.86	937.00
17.88	950.00
17.9	974.00
17.92	941.00
17.94	967.00
17.96	933.00
17.98	930.00
18	940.00
18.02	992.00
18.04	942.00
18.06	942.00
18.08	975.00
18.1	933.00
18.12	968.00
18.14	909.00
18.16	954.00
18.18	939.00
18.2	947.00
18.22	937.00
18.24	982.00
18.26	963.00
18.28	967.00
18.3	902.00
18.32	961.00
18.34	968.00
18.36	923.00
18.38	943.00
18.4	905.00
18.42	930.00
18.44	940.00
18.46	971.00
18.48	935.00
18.5	977.00
18.52	951.00
18.54	991.00
18.56	965.00
18.58	1020.00
18.6	942.00
18.62	994.00
18.64	982.00
18.66	908.00
18.68	959.00
18.7	983.00
18.72	967.00
18.74	962.00
18.76	914.00
18.78	906.00
18.8	938.00
18.82	886.00
18.84	964.00
18.86	956.00
18.88	946.00
18.9	949.00
18.92	1051.00
18.94	994.00
18.96	990.00
18.98	950.00
19	971.00
19.02	965.00
19.04	945.00
19.06	918.00
19.08	950.00
19.1	914.00
19.12	940.00
19.14	1000.00
19.16	955.00
19.18	920.00
19.2	968.00
19.22	993.00
19.24	938.00
19.26	935.00
19.28	914.00
19.3	915.00
19.32	951.00
19.34	919.00
19.36	961.00
19.38	951.00
19.4	976.00
19.42	960.00
19.44	985.00
19.46	988.00
19.48	956.00
19.5	951.00
19.52	970.00
19.54	929.00
19.56	985.00
19.58	961.00
19.6	1009.00
19.62	954.00
19.64	943.00
19.66	912.00
19.68	915.00
19.7	946.00
19.72	998.00
19.74	944.00
19.76	961.00
19.78	968.00
19.8	883.00
19.82	920.00
19.84	947.00
19.86	980.00
19.88	958.00
19.9	961.00
19.92	938.00
19.94	964.00
19.96	947.00
19.98	956.00
20	966.00
20.02	961.00
20.04	932.00
20.06	925.00
20.08	956.00
20.1	960.00
20.12	936.00
20.14	972.00
20.16	968.00
20.18	930.00
20.2	990.00
20.22	933.00
20.24	917.00
20.26	937.00
20.28	925.00
20.3	895.00
20.32	946.00
20.34	919.00
20.36	941.00
20.38	931.00
20.4	930.00
20.42	920.00
20.44	944.00
20.46	938.00
20.48	923.00
20.5	956.00
20.52	942.00
20.54	896.00
20.56	901.00
20.58	945.00
20.6	925.00
20.62	932.00
20.64	912.00
20.66	870.00
20.68	945.00
20.7	957.00
20.72	926.00
20.74	917.00
20.76	946.00
20.78	893.00
20.8	906.00
20.82	931.00
20.84	940.00
20.86	883.00
20.88	925.00
20.9	899.00
20.92	916.00
20.94	910.00
20.96	851.00
20.98	958.00
21	878.00
21.02	916.00
21.04	875.00
21.06	926.00
21.08	903.00
21.1	926.00
21.12	915.00
21.14	888.00
21.16	899.00
21.18	954.00
21.2	909.00
21.22	897.00
21.24	908.00
21.26	925.00
21.28	977.00
21.3	973.00
21.32	919.00
21.34	906.00
21.36	924.00
21.38	962.00
21.4	927.00
21.42	934.00
21.44	891.00
21.46	911.00
21.48	889.00
21.5	908.00
21.52	851.00
21.54	873.00
21.56	888.00
21.58	933.00
21.6	924.00
21.62	881.00
21.64	823.00
21.66	885.00
21.68	853.00
21.7	854.00
21.72	877.00
21.74	896.00
21.76	877.00
21.78	887.00
21.8	882.00
21.82	867.00
21.84	864.00
21.86	853.00
21.88	843.00
21.9	881.00
21.92	904.00
21.94	854.00
21.96	872.00
21.98	874.00
22	891.00
22.02	863.00
22.04	904.00
22.06	858.00
22.08	857.00
22.1	870.00
22.12	827.00
22.14	857.00
22.16	858.00
22.18	806.00
22.2	813.00
22.22	851.00
22.24	871.00
22.26	858.00
22.28	859.00
22.3	848.00
22.32	872.00
22.34	875.00
22.36	865.00
22.38	853.00
22.4	912.00
22.42	840.00
22.44	843.00
22.46	885.00
22.48	846.00
22.5	852.00
22.52	828.00
22.54	824.00
22.56	858.00
22.58	834.00
22.6	845.00
22.62	868.00
22.64	819.00
22.66	842.00
22.68	779.00
22.7	868.00
22.72	831.00
22.74	835.00
22.76	799.00
22.78	823.00
22.8	854.00
22.82	835.00
22.84	815.00
22.86	846.00
22.88	837.00
22.9	866.00
22.92	855.00
22.94	823.00
22.96	802.00
22.98	857.00
23	860.00
23.02	851.00
23.04	812.00
23.06	851.00
23.08	826.00
23.1	836.00
23.12	766.00
23.14	873.00
23.16	823.00
23.18	820.00
23.2	851.00
23.22	844.00
23.24	888.00
23.26	809.00
23.28	833.00
23.3	845.00
23.32	815.00
23.34	867.00
23.36	827.00
23.38	841.00
23.4	822.00
23.42	832.00
23.44	800.00
23.46	786.00
23.48	826.00
23.5	798.00
23.52	843.00
23.54	813.00
23.56	791.00
23.58	844.00
23.6	832.00
23.62	831.00
23.64	774.00
23.66	829.00
23.68	838.00
23.7	824.00
23.72	815.00
23.74	884.00
23.76	802.00
23.78	828.00
23.8	802.00
23.82	810.00
23.84	786.00
23.86	822.00
23.88	832.00
23.9	801.00
23.92	770.00
23.94	774.00
23.96	827.00
23.98	771.00
24	824.00
24.02	841.00
24.04	829.00
24.06	859.00
24.08	855.00
24.1	836.00
24.12	880.00
24.14	852.00
24.16	834.00
24.18	871.00
24.2	849.00
24.22	837.00
24.24	873.00
24.26	857.00
24.28	846.00
24.3	880.00
24.32	879.00
24.34	939.00
24.36	897.00
24.38	900.00
24.4	936.00
24.42	902.00
24.44	880.00
24.46	919.00
24.48	920.00
24.5	891.00
24.52	935.00
24.54	1012.00
24.56	1002.00
24.58	1071.00
24.6	1108.00
24.62	1170.00
24.64	1210.00
24.66	1264.00
24.68	1371.00
24.7	1636.00
24.72	1738.00
24.74	1934.00
24.76	2259.00
24.78	2557.00
24.8	3059.00
24.82	3682.00
24.84	4230.00
24.86	4855.00
24.88	5590.00
24.9	6014.00
24.92	6468.00
24.94	6721.00
24.96	7052.00
24.98	7122.00
25	7048.00
25.02	7008.00
25.04	6623.00
25.06	6070.00
25.08	5562.00
25.1	4770.00
25.12	4158.00
25.14	3476.00
25.16	2852.00
25.18	2364.00
25.2	1911.00
25.22	1615.00
25.24	1440.00
25.26	1271.00
25.28	1119.00
25.3	1061.00
25.32	1009.00
25.34	976.00
25.36	964.00
25.38	980.00
25.4	897.00
25.42	901.00
25.44	934.00
25.46	898.00
25.48	804.00
25.5	869.00
25.52	841.00
25.54	873.00
25.56	826.00
25.58	864.00
25.6	870.00
25.62	803.00
25.64	802.00
25.66	853.00
25.68	828.00
25.7	802.00
25.72	797.00
25.74	781.00
25.76	800.00
25.78	825.00
25.8	845.00
25.82	828.00
25.84	828.00
25.86	797.00
25.88	878.00
25.9	850.00
25.92	874.00
25.94	837.00
25.96	818.00
25.98	841.00
26	861.00
26.02	858.00
26.04	821.00
26.06	880.00
26.08	854.00
26.1	813.00
26.12	854.00
26.14	836.00
26.16	826.00
26.18	794.00
26.2	809.00
26.22	788.00
26.24	749.00
26.26	741.00
26.28	799.00
26.3	750.00
26.32	755.00
26.34	749.00
26.36	767.00
26.38	733.00
26.4	796.00
26.42	823.00
26.44	764.00
26.46	758.00
26.48	759.00
26.5	725.00
26.52	756.00
26.54	755.00
26.56	758.00
26.58	721.00
26.6	738.00
26.62	770.00
26.64	770.00
26.66	750.00
26.68	765.00
26.7	706.00
26.72	751.00
26.74	753.00
26.76	758.00
26.78	763.00
26.8	735.00
26.82	780.00
26.84	746.00
26.86	762.00
26.88	780.00
26.9	733.00
26.92	731.00
26.94	772.00
26.96	759.00
26.98	750.00
27	762.00
27.02	776.00
27.04	683.00
27.06	735.00
27.08	725.00
27.1	732.00
27.12	725.00
27.14	705.00
27.16	774.00
27.18	770.00
27.2	785.00
27.22	705.00
27.24	747.00
27.26	711.00
27.28	752.00
27.3	715.00
27.32	692.00
27.34	738.00
27.36	730.00
27.38	694.00
27.4	697.00
27.42	688.00
27.44	696.00
27.46	715.00
27.48	718.00
27.5	717.00
27.52	728.00
27.54	691.00
27.56	742.00
27.58	735.00
27.6	722.00
27.62	714.00
27.64	719.00
27.66	699.00
27.68	699.00
27.7	744.00
27.72	723.00
27.74	697.00
27.76	716.00
27.78	695.00
27.8	712.00
27.82	739.00
27.84	744.00
27.86	682.00
27.88	691.00
27.9	737.00
27.92	713.00
27.94	708.00
27.96	749.00
27.98	736.00
28	734.00
28.02	685.00
28.04	702.00
28.06	698.00
28.08	713.00
28.1	710.00
28.12	700.00
28.14	674.00
28.16	704.00
28.18	734.00
28.2	715.00
28.22	701.00
28.24	702.00
28.26	695.00
28.28	687.00
28.3	673.00
28.32	717.00
28.34	719.00
28.36	706.00
28.38	716.00
28.4	666.00
28.42	666.00
28.44	724.00
28.46	710.00
28.48	741.00
28.5	671.00
28.52	703.00
28.54	654.00
28.56	695.00
28.58	692.00
28.6	754.00
28.62	712.00
28.64	704.00
28.66	729.00
28.68	739.00
28.7	777.00
28.72	763.00
28.74	798.00
28.76	770.00
28.78	810.00
28.8	846.00
28.82	930.00
28.84	931.00
28.86	901.00
28.88	955.00
28.9	973.00
28.92	980.00
28.94	928.00
28.96	968.00
28.98	909.00
29	948.00
29.02	925.00
29.04	884.00
29.06	833.00
29.08	789.00
29.1	853.00
29.12	782.00
29.14	796.00
29.16	745.00
29.18	765.00
29.2	721.00
29.22	721.00
29.24	725.00
29.26	732.00
29.28	676.00
29.3	672.00
29.32	690.00
29.34	737.00
29.36	669.00
29.38	705.00
29.4	670.00
29.42	675.00
29.44	708.00
29.46	713.00
29.48	696.00
29.5	707.00
29.52	646.00
29.54	692.00
29.56	685.00
29.58	699.00
29.6	708.00
29.62	682.00
29.64	665.00
29.66	694.00
29.68	696.00
29.7	677.00
29.72	651.00
29.74	659.00
29.76	665.00
29.78	696.00
29.8	681.00
29.82	656.00
29.84	679.00
29.86	713.00
29.88	658.00
29.9	636.00
29.92	672.00
29.94	617.00
29.96	628.00
29.98	627.00
30	656.00
30.02	703.00
30.04	677.00
30.06	676.00
30.08	641.00
30.1	638.00
30.12	628.00
30.14	616.00
30.16	640.00
30.18	654.00
30.2	643.00
30.22	641.00
30.24	645.00
30.26	640.00
30.28	645.00
30.3	648.00
30.32	666.00
30.34	686.00
30.36	662.00
30.38	640.00
30.4	654.00
30.42	664.00
30.44	666.00
30.46	660.00
30.48	658.00
30.5	630.00
30.52	648.00
30.54	653.00
30.56	669.00
30.58	652.00
30.6	649.00
30.62	639.00
30.64	645.00
30.66	634.00
30.68	608.00
30.7	640.00
30.72	647.00
30.74	635.00
30.76	654.00
30.78	629.00
30.8	658.00
30.82	641.00
30.84	616.00
30.86	640.00
30.88	623.00
30.9	614.00
30.92	631.00
30.94	619.00
30.96	620.00
30.98	679.00
31	619.00
31.02	653.00
31.04	651.00
31.06	630.00
31.08	635.00
31.1	614.00
31.12	642.00
31.14	670.00
31.16	636.00
31.18	634.00
31.2	639.00
31.22	649.00
31.24	638.00
31.26	625.00
31.28	638.00
31.3	663.00
31.32	666.00
31.34	672.00
31.36	641.00
31.38	648.00
31.4	645.00
31.42	692.00
31.44	644.00
31.46	634.00
31.48	614.00
31.5	663.00
31.52	640.00
31.54	589.00
31.56	620.00
31.58	641.00
31.6	634.00
31.62	650.00
31.64	634.00
31.66	614.00
31.68	609.00
31.7	664.00
31.72	625.00
31.74	646.00
31.76	613.00
31.78	629.00
31.8	649.00
31.82	630.00
31.84	608.00
31.86	621.00
31.88	640.00
31.9	651.00
31.92	641.00
31.94	629.00
31.96	627.00
31.98	614.00
32	628.00
32.02	648.00
32.04	616.00
32.06	616.00
32.08	635.00
32.1	635.00
32.12	628.00
32.14	652.00
32.16	629.00
32.18	597.00
32.2	658.00
32.22	678.00
32.24	634.00
32.26	671.00
32.28	651.00
32.3	658.00
32.32	626.00
32.34	666.00
32.36	645.00
32.38	616.00
32.4	632.00
32.42	616.00
32.44	628.00
32.46	577.00
32.48	586.00
32.5	562.00
32.52	618.00
32.54	664.00
32.56	617.00
32.58	587.00
32.6	619.00
32.62	598.00
32.64	601.00
32.66	622.00
32.68	639.00
32.7	645.00
32.72	637.00
32.74	651.00
32.76	592.00
32.78	629.00
32.8	646.00
32.82	642.00
32.84	633.00
32.86	632.00
32.88	606.00
32.9	606.00
32.92	619.00
32.94	607.00
32.96	637.00
32.98	641.00
33	639.00
33.02	679.00
33.04	692.00
33.06	691.00
33.08	686.00
33.1	703.00
33.12	699.00
33.14	692.00
33.16	714.00
33.18	711.00
33.2	712.00
33.22	689.00
33.24	720.00
33.26	694.00
33.28	690.00
33.3	682.00
33.32	667.00
33.34	677.00
33.36	659.00
33.38	660.00
33.4	658.00
33.42	636.00
33.44	668.00
33.46	629.00
33.48	623.00
33.5	593.00
33.52	614.00
33.54	595.00
33.56	597.00
33.58	637.00
33.6	656.00
33.62	614.00
33.64	626.00
33.66	619.00
33.68	604.00
33.7	611.00
33.72	615.00
33.74	614.00
33.76	588.00
33.78	638.00
33.8	615.00
33.82	590.00
33.84	605.00
33.86	573.00
33.88	611.00
33.9	617.00
33.92	599.00
33.94	592.00
33.96	607.00
33.98	592.00
34	628.00
34.02	625.00
34.04	597.00
34.06	611.00
34.08	620.00
34.1	619.00
34.12	616.00
34.14	633.00
34.16	636.00
34.18	567.00
34.2	603.00
34.22	593.00
34.24	598.00
34.26	581.00
34.28	565.00
34.3	626.00
34.32	615.00
34.34	591.00
34.36	612.00
34.38	617.00
34.4	605.00
34.42	612.00
34.44	575.00
34.46	622.00
34.48	575.00
34.5	587.00
34.52	568.00
34.54	565.00
34.56	630.00
34.58	597.00
34.6	621.00
34.62	621.00
34.64	600.00
34.66	599.00
34.68	597.00
34.7	567.00
34.72	632.00
34.74	632.00
34.76	622.00
34.78	611.00
34.8	601.00
34.82	649.00
34.84	631.00
34.86	622.00
34.88	594.00
34.9	551.00
34.92	579.00
34.94	585.00
34.96	609.00
34.98	587.00
35	569.00
35.02	619.00
35.04	594.00
35.06	607.00
35.08	589.00
35.1	607.00
35.12	590.00
35.14	599.00
35.16	596.00
35.18	586.00
35.2	593.00
35.22	623.00
35.24	590.00
35.26	591.00
35.28	634.00
35.3	616.00
35.32	563.00
35.34	607.00
35.36	605.00
35.38	586.00
35.4	603.00
35.42	626.00
35.44	613.00
35.46	639.00
35.48	601.00
35.5	606.00
35.52	565.00
35.54	558.00
35.56	595.00
35.58	599.00
35.6	585.00
35.62	592.00
35.64	601.00
35.66	590.00
35.68	580.00
35.7	554.00
35.72	591.00
35.74	595.00
35.76	617.00
35.78	570.00
35.8	601.00
35.82	575.00
35.84	571.00
35.86	575.00
35.88	566.00
35.9	582.00
35.92	571.00
35.94	553.00
35.96	595.00
35.98	586.00
36	590.00
36.02	571.00
36.04	590.00
36.06	609.00
36.08	603.00
36.1	579.00
36.12	562.00
36.14	578.00
36.16	600.00
36.18	543.00
36.2	582.00
36.22	556.00
36.24	555.00
36.26	576.00
36.28	593.00
36.3	566.00
36.32	574.00
36.34	613.00
36.36	569.00
36.38	650.00
36.4	579.00
36.42	583.00
36.44	612.00
36.46	584.00
36.48	556.00
36.5	575.00
36.52	557.00
36.54	588.00
36.56	566.00
36.58	564.00
36.6	543.00
36.62	527.00
36.64	598.00
36.66	591.00
36.68	580.00
36.7	613.00
36.72	574.00
36.74	587.00
36.76	588.00
36.78	550.00
36.8	572.00
36.82	587.00
36.84	567.00
36.86	611.00
36.88	611.00
36.9	571.00
36.92	593.00
36.94	598.00
36.96	577.00
36.98	550.00
37	583.00
37.02	604.00
37.04	589.00
37.06	571.00
37.08	584.00
37.1	569.00
37.12	592.00
37.14	594.00
37.16	572.00
37.18	557.00
37.2	559.00
37.22	618.00
37.24	586.00
37.26	587.00
37.28	575.00
37.3	597.00
37.32	576.00
37.34	562.00
37.36	580.00
37.38	549.00
37.4	560.00
37.42	567.00
37.44	605.00
37.46	567.00
37.48	583.00
37.5	584.00
37.52	572.00
37.54	576.00
37.56	576.00
37.58	577.00
37.6	585.00
37.62	572.00
37.64	554.00
37.66	569.00
37.68	601.00
37.7	568.00
37.72	572.00
37.74	583.00
37.76	595.00
37.78	570.00
37.8	581.00
37.82	542.00
37.84	544.00
37.86	555.00
37.88	575.00
37.9	586.00
37.92	591.00
37.94	571.00
37.96	573.00
37.98	560.00
38	565.00
38.02	578.00
38.04	609.00
38.06	602.00
38.08	573.00
38.1	580.00
38.12	555.00
38.14	565.00
38.16	546.00
38.18	547.00
38.2	573.00
38.22	583.00
38.24	603.00
38.26	596.00
38.28	551.00
38.3	572.00
38.32	544.00
38.34	564.00
38.36	545.00
38.38	598.00
38.4	563.00
38.42	599.00
38.44	584.00
38.46	554.00
38.48	562.00
38.5	563.00
38.52	588.00
38.54	564.00
38.56	568.00
38.58	569.00
38.6	563.00
38.62	606.00
38.64	537.00
38.66	572.00
38.68	576.00
38.7	617.00
38.72	606.00
38.74	598.00
38.76	611.00
38.78	540.00
38.8	554.00
38.82	532.00
38.84	555.00
38.86	572.00
38.88	589.00
38.9	556.00
38.92	576.00
38.94	593.00
38.96	584.00
38.98	571.00
39	601.00
39.02	569.00
39.04	602.00
39.06	599.00
39.08	620.00
39.1	603.00
39.12	589.00
39.14	584.00
39.16	606.00
39.18	604.00
39.2	639.00
39.22	588.00
39.24	586.00
39.26	598.00
39.28	586.00
39.3	620.00
39.32	655.00
39.34	608.00
39.36	615.00
39.38	609.00
39.4	589.00
39.42	568.00
39.44	642.00
39.46	591.00
39.48	593.00
39.5	601.00
39.52	556.00
39.54	599.00
39.56	604.00
39.58	595.00
39.6	608.00
39.62	596.00
39.64	591.00
39.66	600.00
39.68	582.00
39.7	611.00
39.72	607.00
39.74	591.00
39.76	566.00
39.78	614.00
39.8	597.00
39.82	596.00
39.84	555.00
39.86	611.00
39.88	566.00
39.9	605.00
39.92	584.00
39.94	592.00
39.96	588.00
39.98	574.00
40	641.00
40.02	625.00
40.04	576.00
40.06	627.00
40.08	642.00
40.1	605.00
40.12	631.00
40.14	627.00
40.16	671.00
40.18	634.00
40.2	583.00
40.22	620.00
40.24	602.00
40.26	636.00
40.28	665.00
40.3	599.00
40.32	629.00
40.34	628.00
40.36	592.00
40.38	627.00
40.4	595.00
40.42	615.00
40.44	684.00
40.46	611.00
40.48	619.00
40.5	670.00
40.52	657.00
40.54	633.00
40.56	608.00
40.58	661.00
40.6	625.00
40.62	630.00
40.64	651.00
40.66	608.00
40.68	639.00
40.7	657.00
40.72	664.00
40.74	659.00
40.76	644.00
40.78	653.00
40.8	713.00
40.82	728.00
40.84	729.00
40.86	751.00
40.88	708.00
40.9	728.00
40.92	745.00
40.94	791.00
40.96	805.00
40.98	856.00
41	924.00
41.02	973.00
41.04	1102.00
41.06	1206.00
41.08	1352.00
41.1	1597.00
41.12	1752.00
41.14	2106.00
41.16	2504.00
41.18	2790.00
41.2	3140.00
41.22	3482.00
41.24	3819.00
41.26	4264.00
41.28	4446.00
41.3	4666.00
41.32	4838.00
41.34	4951.00
41.36	5027.00
41.38	4931.00
41.4	4952.00
41.42	4963.00
41.44	4899.00
41.46	4775.00
41.48	4646.00
41.5	4330.00
41.52	4316.00
41.54	4053.00
41.56	3809.00
41.58	3512.00
41.6	3267.00
41.62	3032.00
41.64	2644.00
41.66	2349.00
41.68	2063.00
41.7	1841.00
41.72	1578.00
41.74	1431.00
41.76	1291.00
41.78	1131.00
41.8	1008.00
41.82	884.00
41.84	842.00
41.86	774.00
41.88	794.00
41.9	750.00
41.92	736.00
41.94	700.00
41.96	669.00
41.98	710.00
42	685.00
42.02	667.00
42.04	622.00
42.06	659.00
42.08	620.00
42.1	618.00
42.12	642.00
42.14	685.00
42.16	607.00
42.18	597.00
42.2	614.00
42.22	628.00
42.24	616.00
42.26	636.00
42.28	600.00
42.3	597.00
42.32	628.00
42.34	614.00
42.36	641.00
42.38	640.00
42.4	638.00
42.42	591.00
42.44	624.00
42.46	596.00
42.48	624.00
42.5	608.00
42.52	610.00
42.54	630.00
42.56	595.00
42.58	578.00
42.6	592.00
42.62	615.00
42.64	573.00
42.66	571.00
42.68	601.00
42.7	597.00
42.72	552.00
42.74	602.00
42.76	603.00
42.78	609.00
42.8	556.00
42.82	575.00
42.84	615.00
42.86	586.00
42.88	598.00
42.9	596.00
42.92	602.00
42.94	600.00
42.96	587.00
42.98	626.00
43	556.00
43.02	590.00
43.04	603.00
43.06	572.00
43.08	572.00
43.1	609.00
43.12	554.00
43.14	586.00
43.16	605.00
43.18	571.00
43.2	604.00
43.22	583.00
43.24	578.00
43.26	584.00
43.28	593.00
43.3	559.00
43.32	642.00
43.34	617.00
43.36	592.00
43.38	581.00
43.4	607.00
43.42	614.00
43.44	579.00
43.46	587.00
43.48	568.00
43.5	585.00
43.52	583.00
43.54	567.00
43.56	567.00
43.58	577.00
43.6	594.00
43.62	579.00
43.64	576.00
43.66	554.00
43.68	568.00
43.7	543.00
43.72	565.00
43.74	597.00
43.76	588.00
43.78	590.00
43.8	561.00
43.82	581.00
43.84	586.00
43.86	551.00
43.88	559.00
43.9	543.00
43.92	583.00
43.94	616.00
43.96	596.00
43.98	545.00
44	549.00
44.02	545.00
44.04	534.00
44.06	586.00
44.08	592.00
44.1	596.00
44.12	556.00
44.14	581.00
44.16	559.00
44.18	586.00
44.2	579.00
44.22	555.00
44.24	581.00
44.26	540.00
44.28	582.00
44.3	537.00
44.32	566.00
44.34	567.00
44.36	575.00
44.38	579.00
44.4	621.00
44.42	608.00
44.44	584.00
44.46	595.00
44.48	583.00
44.5	628.00
44.52	602.00
44.54	621.00
44.56	610.00
44.58	615.00
44.6	578.00
44.62	595.00
44.64	588.00
44.66	576.00
44.68	590.00
44.7	565.00
44.72	577.00
44.74	586.00
44.76	564.00
44.78	586.00
44.8	596.00
44.82	610.00
44.84	566.00
44.86	539.00
44.88	534.00
44.9	575.00
44.92	553.00
44.94	525.00
44.96	541.00
44.98	522.00
45	555.00
45.02	526.00
45.04	536.00
45.06	565.00
45.08	575.00
45.1	532.00
45.12	563.00
45.14	566.00
45.16	598.00
45.18	572.00
45.2	531.00
45.22	568.00
45.24	558.00
45.26	541.00
45.28	552.00
45.3	518.00
45.32	543.00
45.34	534.00
45.36	542.00
45.38	586.00
45.4	544.00
45.42	559.00
45.44	547.00
45.46	585.00
45.48	556.00
45.5	565.00
45.52	532.00
45.54	513.00
45.56	564.00
45.58	517.00
45.6	520.00
45.62	555.00
45.64	537.00
45.66	525.00
45.68	549.00
45.7	525.00
45.72	524.00
45.74	516.00
45.76	518.00
45.78	512.00
45.8	535.00
45.82	526.00
45.84	533.00
45.86	559.00
45.88	510.00
45.9	545.00
45.92	542.00
45.94	517.00
45.96	520.00
45.98	498.00
46	500.00
46.02	524.00
46.04	556.00
46.06	556.00
46.08	533.00
46.1	488.00
46.12	517.00
46.14	514.00
46.16	557.00
46.18	516.00
46.2	544.00
46.22	557.00
46.24	587.00
46.26	598.00
46.28	551.00
46.3	552.00
46.32	532.00
46.34	557.00
46.36	565.00
46.38	563.00
46.4	531.00
46.42	518.00
46.44	559.00
46.46	538.00
46.48	563.00
46.5	509.00
46.52	540.00
46.54	555.00
46.56	520.00
46.58	513.00
46.6	519.00
46.62	554.00
46.64	548.00
46.66	565.00
46.68	555.00
46.7	548.00
46.72	522.00
46.74	548.00
46.76	515.00
46.78	526.00
46.8	525.00
46.82	541.00
46.84	553.00
46.86	552.00
46.88	539.00
46.9	545.00
46.92	532.00
46.94	533.00
46.96	514.00
46.98	561.00
47	524.00
47.02	572.00
47.04	528.00
47.06	536.00
47.08	535.00
47.1	558.00
47.12	556.00
47.14	534.00
47.16	544.00
47.18	515.00
47.2	535.00
47.22	542.00
47.24	546.00
47.26	557.00
47.28	562.00
47.3	534.00
47.32	538.00
47.34	551.00
47.36	557.00
47.38	522.00
47.4	544.00
47.42	561.00
47.44	567.00
47.46	558.00
47.48	539.00
47.5	574.00
47.52	565.00
47.54	570.00
47.56	573.00
47.58	551.00
47.6	578.00
47.62	541.00
47.64	556.00
47.66	490.00
47.68	527.00
47.7	543.00
47.72	576.00
47.74	553.00
47.76	547.00
47.78	564.00
47.8	568.00
47.82	542.00
47.84	526.00
47.86	546.00
47.88	536.00
47.9	580.00
47.92	573.00
47.94	574.00
47.96	595.00
47.98	567.00
48	604.00
48.02	599.00
48.04	549.00
48.06	569.00
48.08	499.00
48.1	542.00
48.12	579.00
48.14	545.00
48.16	530.00
48.18	590.00
48.2	553.00
48.22	558.00
48.24	577.00
48.26	622.00
48.28	576.00
48.3	564.00
48.32	576.00
48.34	612.00
48.36	601.00
48.38	599.00
48.4	657.00
48.42	584.00
48.44	643.00
48.46	596.00
48.48	704.00
48.5	709.00
48.52	776.00
48.54	774.00
48.56	797.00
48.58	875.00
48.6	907.00
48.62	1017.00
48.64	1156.00
48.66	1262.00
48.68	1453.00
48.7	1640.00
48.72	1812.00
48.74	1994.00
48.76	2169.00
48.78	2326.00
48.8	2515.00
48.82	2650.00
48.84	2814.00
48.86	3002.00
48.88	3103.00
48.9	3041.00
48.92	3105.00
48.94	3173.00
48.96	3131.00
48.98	3153.00
49	3205.00
49.02	3005.00
49.04	2933.00
49.06	2835.00
49.08	2757.00
49.1	2607.00
49.12	2481.00
49.14	2344.00
49.16	2261.00
49.18	2091.00
49.2	1927.00
49.22	1874.00
49.24	1675.00
49.26	1655.00
49.28	1553.00
49.3	1401.00
49.32	1264.00
49.34	1213.00
49.36	1090.00
49.38	1029.00
49.4	923.00
49.42	884.00
49.44	833.00
49.46	829.00
49.48	752.00
49.5	719.00
49.52	704.00
49.54	677.00
49.56	709.00
49.58	618.00
49.6	618.00
49.62	634.00
49.64	596.00
49.66	579.00
49.68	602.00
49.7	616.00
49.72	600.00
49.74	600.00
49.76	558.00
49.78	575.00
49.8	561.00
49.82	542.00
49.84	563.00
49.86	548.00
49.88	534.00
49.9	552.00
49.92	565.00
49.94	573.00
49.96	533.00
49.98	560.00
50	566.00
50.02	506.00
50.04	516.00
50.06	584.00
50.08	533.00
50.1	506.00
50.12	503.00
50.14	589.00
50.16	557.00
50.18	528.00
50.2	514.00
50.22	553.00
50.24	545.00
50.26	567.00
50.28	559.00
50.3	521.00
50.32	526.00
50.34	527.00
50.36	539.00
50.38	541.00
50.4	540.00
50.42	503.00
50.44	518.00
50.46	532.00
50.48	543.00
50.5	563.00
50.52	538.00
50.54	518.00
50.56	545.00
50.58	519.00
50.6	542.00
50.62	542.00
50.64	517.00
50.66	540.00
50.68	527.00
50.7	531.00
50.72	542.00
50.74	490.00
50.76	525.00
50.78	517.00
50.8	538.00
50.82	557.00
50.84	519.00
50.86	564.00
50.88	514.00
50.9	542.00
50.92	546.00
50.94	532.00
50.96	523.00
50.98	520.00
51	516.00
51.02	511.00
51.04	533.00
51.06	509.00
51.08	537.00
51.1	545.00
51.12	530.00
51.14	570.00
51.16	571.00
51.18	568.00
51.2	615.00
51.22	555.00
51.24	577.00
51.26	588.00
51.28	563.00
51.3	591.00
51.32	573.00
51.34	552.00
51.36	605.00
51.38	580.00
51.4	604.00
51.42	585.00
51.44	589.00
51.46	590.00
51.48	574.00
51.5	581.00
51.52	593.00
51.54	568.00
51.56	561.00
51.58	524.00
51.6	549.00
51.62	527.00
51.64	564.00
51.66	554.00
51.68	527.00
51.7	556.00
51.72	572.00
51.74	534.00
51.76	536.00
51.78	526.00
51.8	500.00
51.82	518.00
51.84	488.00
51.86	495.00
51.88	535.00
51.9	484.00
51.92	505.00
51.94	511.00
51.96	523.00
51.98	529.00
52	463.00
52.02	485.00
52.04	498.00
52.06	525.00
52.08	505.00
52.1	516.00
52.12	533.00
52.14	552.00
52.16	529.00
52.18	556.00
52.2	543.00
52.22	462.00
52.24	521.00
52.26	504.00
52.28	501.00
52.3	498.00
52.32	495.00
52.34	518.00
52.36	513.00
52.38	517.00
52.4	499.00
52.42	534.00
52.44	526.00
52.46	540.00
52.48	500.00
52.5	494.00
52.52	465.00
52.54	496.00
52.56	542.00
52.58	545.00
52.6	499.00
52.62	508.00
52.64	518.00
52.66	517.00
52.68	479.00
52.7	493.00
52.72	514.00
52.74	541.00
52.76	508.00
52.78	506.00
52.8	480.00
52.82	507.00
52.84	485.00
52.86	488.00
52.88	509.00
52.9	492.00
52.92	474.00
52.94	503.00
52.96	544.00
52.98	527.00
53	494.00
53.02	506.00
53.04	497.00
53.06	493.00
53.08	519.00
53.1	475.00
53.12	527.00
53.14	506.00
53.16	525.00
53.18	575.00
53.2	571.00
53.22	521.00
53.24	473.00
53.26	486.00
53.28	500.00
53.3	517.00
53.32	502.00
53.34	491.00
53.36	472.00
53.38	511.00
53.4	499.00
53.42	455.00
53.44	498.00
53.46	500.00
53.48	453.00
53.5	538.00
53.52	516.00
53.54	517.00
53.56	505.00
53.58	511.00
53.6	528.00
53.62	549.00
53.64	515.00
53.66	521.00
53.68	509.00
53.7	493.00
53.72	488.00
53.74	480.00
53.76	502.00
53.78	508.00
53.8	491.00
53.82	551.00
53.84	512.00
53.86	517.00
53.88	493.00
53.9	455.00
53.92	504.00
53.94	488.00
53.96	532.00
53.98	501.00
54	517.00
54.02	482.00
54.04	520.00
54.06	528.00
54.08	492.00
54.1	501.00
54.12	470.00
54.14	516.00
54.16	514.00
54.18	529.00
54.2	524.00
54.22	498.00
54.24	501.00
54.26	497.00
54.28	526.00
54.3	484.00
54.32	516.00
54.34	521.00
54.36	496.00
54.38	541.00
54.4	483.00
54.42	500.00
54.44	503.00
54.46	469.00
54.48	491.00
54.5	500.00
54.52	495.00
54.54	471.00
54.56	502.00
54.58	520.00
54.6	513.00
54.62	494.00
54.64	457.00
54.66	515.00
54.68	496.00
54.7	515.00
54.72	486.00
54.74	519.00
54.76	476.00
54.78	492.00
54.8	480.00
54.82	483.00
54.84	463.00
54.86	477.00
54.88	483.00
54.9	486.00
54.92	513.00
54.94	520.00
54.96	522.00
54.98	482.00
55	483.00
55.02	478.00
55.04	521.00
55.06	488.00
55.08	527.00
55.1	517.00
55.12	486.00
55.14	501.00
55.16	479.00
55.18	491.00
55.2	513.00
55.22	485.00
55.24	472.00
55.26	488.00
55.28	498.00
55.3	491.00
55.32	497.00
55.34	466.00
55.36	524.00
55.38	535.00
55.4	514.00
55.42	510.00
55.44	449.00
55.46	527.00
55.48	486.00
55.5	500.00
55.52	491.00
55.54	489.00
55.56	500.00
55.58	468.00
55.6	491.00
55.62	522.00
55.64	517.00
55.66	464.00
55.68	479.00
55.7	495.00
55.72	468.00
55.74	484.00
55.76	490.00
55.78	485.00
55.8	490.00
55.82	495.00
55.84	496.00
55.86	484.00
55.88	497.00
55.9	495.00
55.92	457.00
55.94	500.00
55.96	503.00
55.98	472.00
56	482.00
56.02	491.00
56.04	504.00
56.06	494.00
56.08	553.00
56.1	492.00
56.12	480.00
56.14	496.00
56.16	499.00
56.18	477.00
56.2	493.00
56.22	514.00
56.24	447.00
56.26	496.00
56.28	483.00
56.3	490.00
56.32	469.00
56.34	458.00
56.36	477.00
56.38	478.00
56.4	507.00
56.42	487.00
56.44	460.00
56.46	497.00
56.48	519.00
56.5	483.00
56.52	479.00
56.54	495.00
56.56	507.00
56.58	499.00
56.6	502.00
56.62	462.00
56.64	475.00
56.66	468.00
56.68	508.00
56.7	499.00
56.72	481.00
56.74	487.00
56.76	463.00
56.78	497.00
56.8	466.00
56.82	479.00
56.84	528.00
56.86	500.00
56.88	519.00
56.9	509.00
56.92	517.00
56.94	458.00
56.96	465.00
56.98	474.00
57	473.00
57.02	459.00
57.04	473.00
57.06	476.00
57.08	475.00
57.1	491.00
57.12	505.00
57.14	478.00
57.16	482.00
57.18	461.00
57.2	510.00
57.22	506.00
57.24	488.00
57.26	506.00
57.28	486.00
57.3	492.00
57.32	483.00
57.34	505.00
57.36	492.00
57.38	456.00
57.4	450.00
57.42	489.00
57.44	499.00
57.46	509.00
57.48	518.00
57.5	512.00
57.52	495.00
57.54	492.00
57.56	488.00
57.58	488.00
57.6	484.00
57.62	498.00
57.64	501.00
57.66	498.00
57.68	503.00
57.7	468.00
57.72	492.00
57.74	508.00
57.76	488.00
57.78	486.00
57.8	510.00
57.82	503.00
57.84	498.00
57.86	488.00
57.88	503.00
57.9	480.00
57.92	454.00
57.94	498.00
57.96	474.00
57.98	505.00
58	536.00
58.02	561.00
58.04	517.00
58.06	490.00
58.08	523.00
58.1	534.00
58.12	532.00
58.14	534.00
58.16	517.00
58.18	544.00
58.2	513.00
58.22	591.00
58.24	566.00
58.26	566.00
58.28	553.00
58.3	512.00
58.32	536.00
58.34	522.00
58.36	517.00
58.38	535.00
58.4	523.00
58.42	526.00
58.44	526.00
58.46	521.00
58.48	527.00
58.5	559.00
58.52	513.00
58.54	547.00
58.56	549.00
58.58	517.00
58.6	487.00
58.62	494.00
58.64	538.00
58.66	556.00
58.68	523.00
58.7	524.00
58.72	509.00
58.74	507.00
58.76	522.00
58.78	528.00
58.8	493.00
58.82	527.00
58.84	484.00
58.86	494.00
58.88	537.00
58.9	494.00
58.92	502.00
58.94	522.00
58.96	494.00
58.98	521.00
59	482.00
59.02	492.00
59.04	514.00
59.06	471.00
59.08	497.00
59.1	497.00
59.12	488.00
59.14	489.00
59.16	529.00
59.18	463.00
59.2	490.00
59.22	506.00
59.24	499.00
59.26	506.00
59.28	524.00
59.3	505.00
59.32	514.00
59.34	512.00
59.36	536.00
59.38	519.00
59.4	514.00
59.42	537.00
59.44	529.00
59.46	555.00
59.48	562.00
59.5	572.00
59.52	575.00
59.54	638.00
59.56	664.00
59.58	680.00
59.6	706.00
59.62	742.00
59.64	807.00
59.66	857.00
59.68	951.00
59.7	956.00
59.72	1000.00
59.74	1017.00
59.76	1073.00
59.78	1105.00
59.8	1170.00
59.82	1180.00
59.84	1198.00
59.86	1279.00
59.88	1246.00
59.9	1223.00
59.92	1211.00
59.94	1257.00
59.96	1308.00
59.98	1270.00
60	1219.00
60.02	1260.00
60.04	1232.00
60.06	1269.00
60.08	1203.00
60.1	1230.00
60.12	1223.00
60.14	1132.00
60.16	1143.00
60.18	1062.00
60.2	1061.00
60.22	1012.00
60.24	951.00
60.26	944.00
60.28	898.00
60.3	868.00
60.32	853.00
60.34	785.00
60.36	781.00
60.38	793.00
60.4	758.00
60.42	723.00
60.44	707.00
60.46	675.00
60.48	666.00
60.5	606.00
60.52	617.00
60.54	634.00
60.56	563.00
60.58	590.00
60.6	550.00
60.62	563.00
60.64	564.00
60.66	540.00
60.68	563.00
60.7	532.00
60.72	519.00
60.74	518.00
60.76	506.00
60.78	474.00
60.8	511.00
60.82	494.00
60.84	518.00
60.86	544.00
60.88	522.00
60.9	461.00
60.92	466.00
60.94	461.00
60.96	529.00
60.98	501.00
61	512.00
61.02	523.00
61.04	487.00
61.06	482.00
61.08	474.00
61.1	477.00
61.12	494.00
61.14	489.00
61.16	487.00
61.18	505.00
61.2	458.00
61.22	488.00
61.24	482.00
61.26	496.00
61.28	513.00
61.3	509.00
61.32	522.00
61.34	472.00
61.36	482.00
61.38	476.00
61.4	488.00
61.42	487.00
61.44	479.00
61.46	459.00
61.48	486.00
61.5	503.00
61.52	472.00
61.54	502.00
61.56	497.00
61.58	511.00
61.6	468.00
61.62	475.00
61.64	482.00
61.66	484.00
61.68	481.00
61.7	508.00
61.72	467.00
61.74	500.00
61.76	495.00
61.78	499.00
61.8	524.00
61.82	505.00
61.84	469.00
61.86	449.00
61.88	509.00
61.9	462.00
61.92	471.00
61.94	479.00
61.96	480.00
61.98	508.00
62	486.00
62.02	468.00
62.04	471.00
62.06	447.00
62.08	483.00
62.1	481.00
62.12	460.00
62.14	472.00
62.16	489.00
62.18	483.00
62.2	514.00
62.22	492.00
62.24	504.00
62.26	480.00
62.28	517.00
62.3	515.00
62.32	513.00
62.34	508.00
62.36	477.00
62.38	469.00
62.4	492.00
62.42	525.00
62.44	486.00
62.46	503.00
62.48	496.00
62.5	512.00
62.52	513.00
62.54	488.00
62.56	513.00
62.58	518.00
62.6	508.00
62.62	503.00
62.64	522.00
62.66	491.00
62.68	497.00
62.7	486.00
62.72	515.00
62.74	481.00
62.76	553.00
62.78	524.00
62.8	517.00
62.82	505.00
62.84	524.00
62.86	508.00
62.88	488.00
62.9	518.00
62.92	519.00
62.94	484.00
62.96	471.00
62.98	464.00
63	518.00
63.02	492.00
63.04	483.00
63.06	468.00
63.08	466.00
63.1	517.00
63.12	495.00
63.14	473.00
63.16	503.00
63.18	483.00
63.2	488.00
63.22	502.00
63.24	450.00
63.26	496.00
63.28	489.00
63.3	484.00
63.32	497.00
63.34	508.00
63.36	502.00
63.38	467.00
63.4	485.00
63.42	525.00
63.44	490.00
63.46	519.00
63.48	481.00
63.5	508.00
63.52	498.00
63.54	507.00
63.56	476.00
63.58	484.00
63.6	497.00
63.62	493.00
63.64	511.00
63.66	480.00
63.68	484.00
63.7	504.00
63.72	515.00
63.74	507.00
63.76	492.00
63.78	493.00
63.8	489.00
63.82	464.00
63.84	471.00
63.86	484.00
63.88	502.00
63.9	493.00
63.92	487.00
63.94	457.00
63.96	512.00
63.98	510.00
64	542.00
64.02	510.00
64.04	499.00
64.06	511.00
64.08	490.00
64.1	472.00
64.12	523.00
64.14	488.00
64.16	494.00
64.18	521.00
64.2	487.00
64.22	490.00
64.24	474.00
64.26	470.00
64.28	502.00
64.3	475.00
64.32	486.00
64.34	480.00
64.36	472.00
64.38	507.00
64.4	497.00
64.42	512.00
64.44	469.00
64.46	481.00
64.48	471.00
64.5	490.00
64.52	498.00
64.54	478.00
64.56	511.00
64.58	496.00
64.6	508.00
64.62	502.00
64.64	496.00
64.66	529.00
64.68	496.00
64.7	453.00
64.72	464.00
64.74	465.00
64.76	507.00
64.78	484.00
64.8	493.00
64.82	504.00
64.84	495.00
64.86	506.00
64.88	502.00
64.9	496.00
64.92	504.00
64.94	476.00
64.96	503.00
64.98	535.00
65	500.00
65.02	502.00
65.04	459.00
65.06	489.00
65.08	481.00
65.1	504.00
65.12	481.00
65.14	524.00
65.16	528.00
65.18	499.00
65.2	503.00
65.22	534.00
65.24	518.00
65.26	520.00
65.28	510.00
65.3	498.00
65.32	501.00
65.34	537.00
65.36	518.00
65.38	511.00
65.4	513.00
65.42	540.00
65.44	543.00
65.46	553.00
65.48	571.00
65.5	568.00
65.52	588.00
65.54	591.00
65.56	599.00
65.58	644.00
65.6	656.00
65.62	691.00
65.64	749.00
65.66	798.00
65.68	841.00
65.7	861.00
65.72	913.00
65.74	920.00
65.76	999.00
65.78	1049.00
65.8	1115.00
65.82	1138.00
65.84	1171.00
65.86	1136.00
65.88	1201.00
65.9	1229.00
65.92	1188.00
65.94	1244.00
65.96	1240.00
65.98	1228.00
66	1171.00
66.02	1203.00
66.04	1208.00
66.06	1209.00
66.08	1160.00
66.1	1166.00
66.12	1167.00
66.14	1178.00
66.16	1167.00
66.18	1171.00
66.2	1146.00
66.22	1158.00
66.24	1165.00
66.26	1074.00
66.28	1036.00
66.3	1043.00
66.32	1032.00
66.34	1000.00
66.36	948.00
66.38	949.00
66.4	902.00
66.42	894.00
66.44	852.00
66.46	841.00
66.48	876.00
66.5	780.00
66.52	747.00
66.54	738.00
66.56	753.00
66.58	744.00
66.6	682.00
66.62	670.00
66.64	651.00
66.66	633.00
66.68	616.00
66.7	572.00
66.72	579.00
66.74	539.00
66.76	533.00
66.78	543.00
66.8	547.00
66.82	537.00
66.84	597.00
66.86	516.00
66.88	507.00
66.9	504.00
66.92	573.00
66.94	498.00
66.96	518.00
66.98	501.00
67	483.00
67.02	494.00
67.04	482.00
67.06	505.00
67.08	494.00
67.1	512.00
67.12	473.00
67.14	490.00
67.16	504.00
67.18	472.00
67.2	496.00
67.22	499.00
67.24	479.00
67.26	518.00
67.28	502.00
67.3	470.00
67.32	522.00
67.34	487.00
67.36	488.00
67.38	492.00
67.4	494.00
67.42	483.00
67.44	529.00
67.46	520.00
67.48	510.00
67.5	509.00
67.52	473.00
67.54	525.00
67.56	519.00
67.58	526.00
67.6	516.00
67.62	491.00
67.64	539.00
67.66	533.00
67.68	532.00
67.7	541.00
67.72	528.00
67.74	511.00
67.76	544.00
67.78	578.00
67.8	523.00
67.82	537.00
67.84	574.00
67.86	514.00
67.88	535.00
67.9	544.00
67.92	544.00
67.94	557.00
67.96	534.00
67.98	543.00
68	544.00
68.02	552.00
68.04	555.00
68.06	549.00
68.08	565.00
68.1	542.00
68.12	559.00
68.14	563.00
68.16	531.00
68.18	535.00
68.2	528.00
68.22	545.00
68.24	519.00
68.26	485.00
68.28	497.00
68.3	552.00
68.32	551.00
68.34	531.00
68.36	543.00
68.38	524.00
68.4	530.00
68.42	515.00
68.44	491.00
68.46	497.00
68.48	513.00
68.5	463.00
68.52	488.00
68.54	494.00
68.56	508.00
68.58	483.00
68.6	481.00
68.62	461.00
68.64	465.00
68.66	528.00
68.68	494.00
68.7	475.00
68.72	484.00
68.74	465.00
68.76	483.00
68.78	504.00
68.8	496.00
68.82	507.00
68.84	517.00
68.86	496.00
68.88	511.00
68.9	503.00
68.92	520.00
68.94	539.00
68.96	505.00
68.98	494.00
69	456.00
69.02	458.00
69.04	489.00
69.06	495.00
69.08	458.00
69.1	496.00
69.12	492.00
69.14	493.00
69.16	461.00
69.18	510.00
69.2	498.00
69.22	511.00
69.24	518.00
69.26	527.00
69.28	493.00
69.3	449.00
69.32	462.00
69.34	447.00
69.36	522.00
69.38	487.00
69.4	513.00
69.42	496.00
69.44	511.00
69.46	514.00
69.48	494.00
69.5	479.00
69.52	449.00
69.54	468.00
69.56	480.00
69.58	497.00
69.6	459.00
69.62	489.00
69.64	489.00
69.66	481.00
69.68	467.00
69.7	493.00
69.72	488.00
69.74	488.00
69.76	470.00
69.78	477.00
69.8	464.00
69.82	487.00
69.84	494.00
69.86	490.00
69.88	474.00
69.9	489.00
69.92	487.00
69.94	450.00
69.96	499.00
69.98	507.00
70	497.00
70.02	488.00
70.04	482.00
70.06	485.00
70.08	495.00
70.1	467.00
70.12	489.00
70.14	490.00
70.16	489.00
70.18	459.00
70.2	503.00
70.22	518.00
70.24	500.00
70.26	497.00
70.28	514.00
70.3	490.00
70.32	497.00
70.34	504.00
70.36	478.00
70.38	489.00
70.4	500.00
70.42	485.00
70.44	482.00
70.46	507.00
70.48	486.00
70.5	464.00
70.52	511.00
70.54	467.00
70.56	466.00
70.58	484.00
70.6	471.00
70.62	514.00
70.64	503.00
70.66	487.00
70.68	522.00
70.7	514.00
70.72	499.00
70.74	469.00
70.76	494.00
70.78	495.00
70.8	497.00
70.82	485.00
70.84	471.00
70.86	483.00
70.88	494.00
70.9	475.00
70.92	483.00
70.94	505.00
70.96	473.00
70.98	476.00
71	478.00
71.02	478.00
71.04	522.00
71.06	514.00
71.08	498.00
71.1	503.00
71.12	498.00
71.14	487.00
71.16	485.00
71.18	498.00
71.2	457.00
71.22	485.00
71.24	504.00
71.26	513.00
71.28	501.00
71.3	507.00
71.32	467.00
71.34	470.00
71.36	511.00
71.38	468.00
71.4	445.00
71.42	511.00
71.44	527.00
71.46	518.00
71.48	505.00
71.5	457.00
71.52	491.00
71.54	518.00
71.56	505.00
71.58	480.00
71.6	480.00
71.62	444.00
71.64	475.00
71.66	488.00
71.68	474.00
71.7	502.00
71.72	503.00
71.74	500.00
71.76	509.00
71.78	540.00
71.8	434.00
71.82	499.00
71.84	446.00
71.86	467.00
71.88	453.00
71.9	457.00
71.92	453.00
71.94	495.00
71.96	460.00
71.98	507.00
72	485.00
72.02	520.00
72.04	517.00
72.06	478.00
72.08	495.00
72.1	506.00
72.12	506.00
72.14	478.00
72.16	487.00
72.18	495.00
72.2	490.00
72.22	506.00
72.24	510.00
72.26	471.00
72.28	494.00
72.3	497.00
72.32	485.00
72.34	478.00
72.36	499.00
72.38	513.00
72.4	510.00
72.42	485.00
72.44	465.00
72.46	441.00
72.48	468.00
72.5	519.00
72.52	523.00
72.54	471.00
72.56	483.00
72.58	477.00
72.6	484.00
72.62	466.00
72.64	475.00
72.66	475.00
72.68	468.00
72.7	489.00
72.72	481.00
72.74	495.00
72.76	509.00
72.78	478.00
72.8	501.00
72.82	531.00
72.84	469.00
72.86	500.00
72.88	481.00
72.9	492.00
72.92	482.00
72.94	496.00
72.96	459.00
72.98	481.00
73	486.00
73.02	470.00
73.04	485.00
73.06	485.00
73.08	467.00
73.1	487.00
73.12	481.00
73.14	468.00
73.16	473.00
73.18	458.00
73.2	491.00
73.22	492.00
73.24	503.00
73.26	497.00
73.28	477.00
73.3	491.00
73.32	491.00
73.34	473.00
73.36	458.00
73.38	486.00
73.4	468.00
73.42	513.00
73.44	467.00
73.46	488.00
73.48	492.00
73.5	481.00
73.52	494.00
73.54	466.00
73.56	449.00
73.58	483.00
73.6	519.00
73.62	514.00
73.64	519.00
73.66	506.00
73.68	502.00
73.7	499.00
73.72	529.00
73.74	493.00
73.76	506.00
73.78	476.00
73.8	472.00
73.82	512.00
73.84	504.00
73.86	475.00
73.88	499.00
73.9	498.00
73.92	495.00
73.94	545.00
73.96	530.00
73.98	535.00
74	515.00
74.02	535.00
74.04	472.00
74.06	522.00
74.08	539.00
74.1	570.00
74.12	545.00
74.14	513.00
74.16	517.00
74.18	508.00
74.2	509.00
74.22	534.00
74.24	525.00
74.26	508.00
74.28	555.00
74.3	528.00
74.32	498.00
74.34	521.00
74.36	525.00
74.38	515.00
74.4	542.00
74.42	497.00
74.44	539.00
74.46	517.00
74.48	485.00
74.5	518.00
74.52	535.00
74.54	524.00
74.56	510.00
74.58	523.00
74.6	502.00
74.62	523.00
74.64	516.00
74.66	524.00
74.68	529.00
74.7	538.00
74.72	480.00
74.74	499.00
74.76	504.00
74.78	534.00
74.8	536.00
74.82	540.00
74.84	572.00
74.86	552.00
74.88	559.00
74.9	575.00
74.92	625.00
74.94	579.00
74.96	631.00
74.98	677.00
75	675.00
75.02	713.00
75.04	765.00
75.06	765.00
75.08	782.00
75.1	847.00
75.12	899.00
75.14	936.00
75.16	976.00
75.18	967.00
75.2	982.00
75.22	1047.00
75.24	1151.00
75.26	1096.00
75.28	1114.00
75.3	1157.00
75.32	1146.00
75.34	1189.00
75.36	1210.00
75.38	1161.00
75.4	1187.00
75.42	1216.00
75.44	1245.00
75.46	1268.00
75.48	1211.00
75.5	1222.00
75.52	1190.00
75.54	1206.00
75.56	1220.00
75.58	1208.00
75.6	1187.00
75.62	1186.00
75.64	1216.00
75.66	1156.00
75.68	1174.00
75.7	1183.00
75.72	1169.00
75.74	1168.00
75.76	1080.00
75.78	1102.00
75.8	1069.00
75.82	1041.00
75.84	999.00
75.86	998.00
75.88	1016.00
75.9	971.00
75.92	1009.00
75.94	958.00
75.96	910.00
75.98	895.00
76	810.00
76.02	830.00
76.04	840.00
76.06	762.00
76.08	750.00
76.1	770.00
76.12	757.00
76.14	683.00
76.16	651.00
76.18	659.00
76.2	632.00
76.22	627.00
76.24	601.00
76.26	624.00
76.28	593.00
76.3	548.00
76.32	553.00
76.34	547.00
76.36	561.00
76.38	530.00
76.4	554.00
76.42	531.00
76.44	545.00
76.46	529.00
76.48	537.00
76.5	505.00
76.52	508.00
76.54	514.00
76.56	511.00
76.58	478.00
76.6	513.00
76.62	505.00
76.64	498.00
76.66	509.00
76.68	475.00
76.7	466.00
76.72	530.00
76.74	487.00
76.76	496.00
76.78	511.00
76.8	490.00
76.82	508.00
76.84	508.00
76.86	479.00
76.88	509.00
76.9	475.00
76.92	458.00
76.94	505.00
76.96	501.00
76.98	481.00
77	494.00
77.02	501.00
77.04	531.00
77.06	513.00
77.08	523.00
77.1	472.00
77.12	495.00
77.14	503.00
77.16	495.00
77.18	490.00
77.2	475.00
77.22	464.00
77.24	516.00
77.26	485.00
77.28	530.00
77.3	557.00
77.32	495.00
77.34	503.00
77.36	523.00
77.38	510.00
77.4	526.00
77.42	527.00
77.44	514.00
77.46	481.00
77.48	533.00
77.5	540.00
77.52	537.00
77.54	508.00
77.56	542.00
77.58	513.00
77.6	500.00
77.62	507.00
77.64	551.00
77.66	527.00
77.68	523.00
77.7	534.00
77.72	566.00
77.74	520.00
77.76	509.00
77.78	523.00
77.8	545.00
77.82	566.00
77.84	535.00
77.86	508.00
77.88	527.00
77.9	520.00
77.92	552.00
77.94	533.00
77.96	533.00
77.98	505.00
78	518.00
78.02	534.00
78.04	532.00
78.06	475.00
78.08	521.00
78.1	553.00
78.12	507.00
78.14	468.00
78.16	500.00
78.18	524.00
78.2	500.00
78.22	510.00
78.24	525.00
78.26	516.00
78.28	476.00
78.3	481.00
78.32	482.00
78.34	478.00
78.36	488.00
78.38	488.00
78.4	501.00
78.42	522.00
78.44	488.00
78.46	494.00
78.48	487.00
78.5	503.00
78.52	482.00
78.54	494.00
78.56	518.00
78.58	508.00
78.6	485.00
78.62	495.00
78.64	488.00
78.66	503.00
78.68	514.00
78.7	482.00
78.72	503.00
78.74	480.00
78.76	513.00
78.78	507.00
78.8	468.00
78.82	488.00
78.84	462.00
78.86	509.00
78.88	498.00
78.9	475.00
78.92	472.00
78.94	474.00
78.96	480.00
78.98	481.00
79	499.00
79.02	533.00
79.04	506.00
79.06	471.00
79.08	481.00
79.1	495.00
79.12	489.00
79.14	509.00
79.16	458.00
79.18	475.00
79.2	498.00
79.22	512.00
79.24	488.00
79.26	473.00
79.28	506.00
79.3	491.00
79.32	493.00
79.34	512.00
79.36	544.00
79.38	507.00
79.4	470.00
79.42	489.00
79.44	475.00
79.46	457.00
79.48	462.00
79.5	450.00
79.52	456.00
79.54	453.00
79.56	486.00
79.58	490.00
79.6	507.00
79.62	472.00
79.64	474.00
79.66	467.00
79.68	463.00
79.7	480.00
79.72	505.00
79.74	462.00
79.76	489.00
79.78	478.00
79.8	490.00
79.82	496.00
79.84	480.00
79.86	505.00
79.88	469.00
79.9	528.00
79.92	495.00
79.94	471.00
79.96	486.00
79.98	504.00
80	478.00
