20251215-CHY-I-001-e
Wavelength = 1.54059
5	298.00
5.02	349.00
5.04	329.00
5.06	318.00
5.08	362.00
5.1	329.00
5.12	311.00
5.14	324.00
5.16	362.00
5.18	342.00
5.2	308.00
5.22	289.00
5.24	327.00
5.26	346.00
5.28	367.00
5.3	353.00
5.32	343.00
5.34	328.00
5.36	354.00
5.38	356.00
5.4	340.00
5.42	351.00
5.44	369.00
5.46	339.00
5.48	337.00
5.5	322.00
5.52	340.00
5.54	361.00
5.56	376.00
5.58	389.00
5.6	371.00
5.62	357.00
5.64	355.00
5.66	342.00
5.68	364.00
5.7	379.00
5.72	380.00
5.74	342.00
5.76	361.00
5.78	354.00
5.8	365.00
5.82	369.00
5.84	377.00
5.86	381.00
5.88	395.00
5.9	363.00
5.92	350.00
5.94	364.00
5.96	370.00
5.98	389.00
6	356.00
6.02	383.00
6.04	359.00
6.06	343.00
6.08	352.00
6.1	369.00
6.12	378.00
6.14	388.00
6.16	370.00
6.18	382.00
6.2	411.00
6.22	360.00
6.24	386.00
6.26	370.00
6.28	363.00
6.3	395.00
6.32	393.00
6.34	378.00
6.36	379.00
6.38	365.00
6.4	398.00
6.42	388.00
6.44	370.00
6.46	378.00
6.48	375.00
6.5	379.00
6.52	360.00
6.54	383.00
6.56	389.00
6.58	405.00
6.6	406.00
6.62	440.00
6.64	438.00
6.66	408.00
6.68	405.00
6.7	398.00
6.72	414.00
6.74	397.00
6.76	404.00
6.78	407.00
6.8	398.00
6.82	399.00
6.84	399.00
6.86	405.00
6.88	428.00
6.9	409.00
6.92	416.00
6.94	406.00
6.96	412.00
6.98	412.00
7	390.00
7.02	418.00
7.04	396.00
7.06	401.00
7.08	410.00
7.1	397.00
7.12	420.00
7.14	415.00
7.16	427.00
7.18	408.00
7.2	399.00
7.22	459.00
7.24	409.00
7.26	416.00
7.28	414.00
7.3	409.00
7.32	445.00
7.34	438.00
7.36	407.00
7.38	425.00
7.4	474.00
7.42	442.00
7.44	433.00
7.46	426.00
7.48	448.00
7.5	430.00
7.52	500.00
7.54	453.00
7.56	478.00
7.58	478.00
7.6	452.00
7.62	449.00
7.64	442.00
7.66	440.00
7.68	434.00
7.7	463.00
7.72	490.00
7.74	417.00
7.76	448.00
7.78	440.00
7.8	459.00
7.82	430.00
7.84	422.00
7.86	457.00
7.88	459.00
7.9	440.00
7.92	450.00
7.94	456.00
7.96	452.00
7.98	482.00
8	451.00
8.02	469.00
8.04	495.00
8.06	417.00
8.08	487.00
8.1	447.00
8.12	478.00
8.14	464.00
8.16	445.00
8.18	459.00
8.2	465.00
8.22	443.00
8.24	479.00
8.26	477.00
8.28	477.00
8.3	483.00
8.32	455.00
8.34	485.00
8.36	513.00
8.38	499.00
8.4	478.00
8.42	501.00
8.44	492.00
8.46	488.00
8.48	500.00
8.5	525.00
8.52	450.00
8.54	451.00
8.56	497.00
8.58	500.00
8.6	477.00
8.62	511.00
8.64	482.00
8.66	487.00
8.68	468.00
8.7	498.00
8.72	513.00
8.74	484.00
8.76	516.00
8.78	510.00
8.8	486.00
8.82	500.00
8.84	500.00
8.86	474.00
8.88	488.00
8.9	493.00
8.92	483.00
8.94	505.00
8.96	456.00
8.98	500.00
9	505.00
9.02	501.00
9.04	502.00
9.06	501.00
9.08	511.00
9.1	519.00
9.12	510.00
9.14	499.00
9.16	488.00
9.18	507.00
9.2	496.00
9.22	524.00
9.24	552.00
9.26	527.00
9.28	496.00
9.3	503.00
9.32	502.00
9.34	493.00
9.36	491.00
9.38	525.00
9.4	512.00
9.42	472.00
9.44	481.00
9.46	488.00
9.48	500.00
9.5	515.00
9.52	505.00
9.54	504.00
9.56	500.00
9.58	517.00
9.6	532.00
9.62	500.00
9.64	490.00
9.66	508.00
9.68	502.00
9.7	504.00
9.72	542.00
9.74	498.00
9.76	511.00
9.78	495.00
9.8	491.00
9.82	514.00
9.84	529.00
9.86	549.00
9.88	534.00
9.9	535.00
9.92	557.00
9.94	511.00
9.96	574.00
9.98	511.00
10	544.00
10.02	540.00
10.04	501.00
10.06	521.00
10.08	527.00
10.1	549.00
10.12	541.00
10.14	553.00
10.16	546.00
10.18	543.00
10.2	558.00
10.22	530.00
10.24	541.00
10.26	540.00
10.28	527.00
10.3	520.00
10.32	513.00
10.34	574.00
10.36	569.00
10.38	526.00
10.4	553.00
10.42	522.00
10.44	533.00
10.46	537.00
10.48	517.00
10.5	517.00
10.52	532.00
10.54	552.00
10.56	577.00
10.58	536.00
10.6	538.00
10.62	562.00
10.64	555.00
10.66	566.00
10.68	544.00
10.7	539.00
10.72	543.00
10.74	558.00
10.76	568.00
10.78	558.00
10.8	540.00
10.82	528.00
10.84	585.00
10.86	567.00
10.88	574.00
10.9	544.00
10.92	608.00
10.94	579.00
10.96	575.00
10.98	570.00
11	561.00
11.02	564.00
11.04	601.00
11.06	540.00
11.08	553.00
11.1	546.00
11.12	584.00
11.14	584.00
11.16	581.00
11.18	566.00
11.2	594.00
11.22	579.00
11.24	552.00
11.26	543.00
11.28	594.00
11.3	575.00
11.32	555.00
11.34	599.00
11.36	599.00
11.38	565.00
11.4	586.00
11.42	563.00
11.44	581.00
11.46	637.00
11.48	604.00
11.5	582.00
11.52	591.00
11.54	580.00
11.56	589.00
11.58	637.00
11.6	602.00
11.62	572.00
11.64	610.00
11.66	524.00
11.68	585.00
11.7	616.00
11.72	616.00
11.74	589.00
11.76	619.00
11.78	593.00
11.8	561.00
11.82	591.00
11.84	581.00
11.86	594.00
11.88	612.00
11.9	652.00
11.92	610.00
11.94	622.00
11.96	589.00
11.98	619.00
12	583.00
12.02	597.00
12.04	640.00
12.06	613.00
12.08	625.00
12.1	612.00
12.12	639.00
12.14	620.00
12.16	644.00
12.18	641.00
12.2	611.00
12.22	611.00
12.24	645.00
12.26	638.00
12.28	614.00
12.3	650.00
12.32	651.00
12.34	666.00
12.36	653.00
12.38	649.00
12.4	610.00
12.42	609.00
12.44	572.00
12.46	667.00
12.48	624.00
12.5	666.00
12.52	645.00
12.54	620.00
12.56	641.00
12.58	674.00
12.6	634.00
12.62	637.00
12.64	633.00
12.66	650.00
12.68	648.00
12.7	636.00
12.72	642.00
12.74	607.00
12.76	680.00
12.78	604.00
12.8	631.00
12.82	650.00
12.84	619.00
12.86	674.00
12.88	660.00
12.9	653.00
12.92	624.00
12.94	666.00
12.96	706.00
12.98	637.00
13	655.00
13.02	663.00
13.04	648.00
13.06	676.00
13.08	652.00
13.1	631.00
13.12	666.00
13.14	703.00
13.16	686.00
13.18	680.00
13.2	688.00
13.22	667.00
13.24	651.00
13.26	668.00
13.28	701.00
13.3	662.00
13.32	727.00
13.34	647.00
13.36	653.00
13.38	663.00
13.4	675.00
13.42	668.00
13.44	674.00
13.46	698.00
13.48	670.00
13.5	685.00
13.52	701.00
13.54	664.00
13.56	710.00
13.58	642.00
13.6	677.00
13.62	712.00
13.64	742.00
13.66	685.00
13.68	706.00
13.7	712.00
13.72	735.00
13.74	713.00
13.76	666.00
13.78	742.00
13.8	715.00
13.82	738.00
13.84	715.00
13.86	689.00
13.88	742.00
13.9	723.00
13.92	748.00
13.94	749.00
13.96	714.00
13.98	677.00
14	678.00
14.02	741.00
14.04	733.00
14.06	666.00
14.08	700.00
14.1	690.00
14.12	755.00
14.14	680.00
14.16	695.00
14.18	742.00
14.2	724.00
14.22	724.00
14.24	708.00
14.26	716.00
14.28	725.00
14.3	693.00
14.32	746.00
14.34	741.00
14.36	756.00
14.38	733.00
14.4	742.00
14.42	734.00
14.44	746.00
14.46	693.00
14.48	751.00
14.5	727.00
14.52	714.00
14.54	796.00
14.56	781.00
14.58	758.00
14.6	765.00
14.62	715.00
14.64	758.00
14.66	732.00
14.68	754.00
14.7	786.00
14.72	759.00
14.74	755.00
14.76	721.00
14.78	759.00
14.8	779.00
14.82	811.00
14.84	774.00
14.86	737.00
14.88	733.00
14.9	735.00
14.92	720.00
14.94	722.00
14.96	742.00
14.98	799.00
15	783.00
15.02	764.00
15.04	733.00
15.06	807.00
15.08	765.00
15.1	755.00
15.12	775.00
15.14	794.00
15.16	785.00
15.18	792.00
15.2	743.00
15.22	789.00
15.24	764.00
15.26	780.00
15.28	750.00
15.3	805.00
15.32	804.00
15.34	805.00
15.36	794.00
15.38	813.00
15.4	778.00
15.42	783.00
15.44	790.00
15.46	786.00
15.48	800.00
15.5	779.00
15.52	805.00
15.54	792.00
15.56	795.00
15.58	843.00
15.6	798.00
15.62	796.00
15.64	818.00
15.66	811.00
15.68	843.00
15.7	815.00
15.72	815.00
15.74	795.00
15.76	796.00
15.78	830.00
15.8	841.00
15.82	851.00
15.84	842.00
15.86	860.00
15.88	839.00
15.9	845.00
15.92	810.00
15.94	795.00
15.96	834.00
15.98	801.00
16	854.00
16.02	835.00
16.04	853.00
16.06	796.00
16.08	851.00
16.1	809.00
16.12	831.00
16.14	819.00
16.16	850.00
16.18	827.00
16.2	839.00
16.22	875.00
16.24	867.00
16.26	863.00
16.28	858.00
16.3	917.00
16.32	860.00
16.34	829.00
16.36	843.00
16.38	841.00
16.4	890.00
16.42	844.00
16.44	889.00
16.46	829.00
16.48	834.00
16.5	907.00
16.52	884.00
16.54	791.00
16.56	864.00
16.58	867.00
16.6	857.00
16.62	860.00
16.64	901.00
16.66	881.00
16.68	844.00
16.7	850.00
16.72	890.00
16.74	867.00
16.76	889.00
16.78	874.00
16.8	813.00
16.82	870.00
16.84	881.00
16.86	848.00
16.88	852.00
16.9	880.00
16.92	932.00
16.94	909.00
16.96	850.00
16.98	848.00
17	868.00
17.02	840.00
17.04	902.00
17.06	918.00
17.08	902.00
17.1	920.00
17.12	914.00
17.14	925.00
17.16	906.00
17.18	852.00
17.2	884.00
17.22	898.00
17.24	912.00
17.26	918.00
17.28	937.00
17.3	922.00
17.32	894.00
17.34	908.00
17.36	952.00
17.38	942.00
17.4	914.00
17.42	861.00
17.44	904.00
17.46	885.00
17.48	906.00
17.5	882.00
17.52	872.00
17.54	913.00
17.56	835.00
17.58	951.00
17.6	874.00
17.62	887.00
17.64	944.00
17.66	928.00
17.68	972.00
17.7	988.00
17.72	939.00
17.74	895.00
17.76	968.00
17.78	925.00
17.8	960.00
17.82	930.00
17.84	929.00
17.86	899.00
17.88	889.00
17.9	914.00
17.92	940.00
17.94	942.00
17.96	946.00
17.98	921.00
18	918.00
18.02	938.00
18.04	913.00
18.06	947.00
18.08	959.00
18.1	972.00
18.12	974.00
18.14	956.00
18.16	915.00
18.18	936.00
18.2	942.00
18.22	949.00
18.24	1003.00
18.26	977.00
18.28	949.00
18.3	940.00
18.32	930.00
18.34	959.00
18.36	929.00
18.38	921.00
18.4	941.00
18.42	900.00
18.44	922.00
18.46	948.00
18.48	1010.00
18.5	917.00
18.52	938.00
18.54	951.00
18.56	981.00
18.58	953.00
18.6	969.00
18.62	926.00
18.64	937.00
18.66	964.00
18.68	998.00
18.7	946.00
18.72	990.00
18.74	960.00
18.76	991.00
18.78	930.00
18.8	938.00
18.82	949.00
18.84	967.00
18.86	920.00
18.88	938.00
18.9	969.00
18.92	936.00
18.94	958.00
18.96	949.00
18.98	989.00
19	986.00
19.02	934.00
19.04	905.00
19.06	960.00
19.08	898.00
19.1	904.00
19.12	936.00
19.14	942.00
19.16	952.00
19.18	974.00
19.2	960.00
19.22	970.00
19.24	949.00
19.26	945.00
19.28	949.00
19.3	936.00
19.32	953.00
19.34	956.00
19.36	971.00
19.38	921.00
19.4	921.00
19.42	926.00
19.44	957.00
19.46	897.00
19.48	925.00
19.5	938.00
19.52	919.00
19.54	944.00
19.56	918.00
19.58	948.00
19.6	927.00
19.62	924.00
19.64	889.00
19.66	929.00
19.68	913.00
19.7	927.00
19.72	956.00
19.74	965.00
19.76	944.00
19.78	941.00
19.8	915.00
19.82	961.00
19.84	981.00
19.86	964.00
19.88	922.00
19.9	949.00
19.92	872.00
19.94	934.00
19.96	872.00
19.98	870.00
20	909.00
20.02	896.00
20.04	917.00
20.06	917.00
20.08	906.00
20.1	927.00
20.12	903.00
20.14	929.00
20.16	938.00
20.18	907.00
20.2	900.00
20.22	928.00
20.24	904.00
20.26	898.00
20.28	899.00
20.3	894.00
20.32	866.00
20.34	909.00
20.36	935.00
20.38	915.00
20.4	939.00
20.42	957.00
20.44	915.00
20.46	892.00
20.48	895.00
20.5	927.00
20.52	933.00
20.54	909.00
20.56	951.00
20.58	862.00
20.6	881.00
20.62	888.00
20.64	897.00
20.66	931.00
20.68	894.00
20.7	880.00
20.72	795.00
20.74	889.00
20.76	878.00
20.78	871.00
20.8	881.00
20.82	877.00
20.84	899.00
20.86	916.00
20.88	891.00
20.9	890.00
20.92	951.00
20.94	919.00
20.96	909.00
20.98	893.00
21	890.00
21.02	895.00
21.04	915.00
21.06	867.00
21.08	864.00
21.1	831.00
21.12	853.00
21.14	915.00
21.16	865.00
21.18	875.00
21.2	863.00
21.22	855.00
21.24	868.00
21.26	892.00
21.28	892.00
21.3	840.00
21.32	881.00
21.34	914.00
21.36	908.00
21.38	902.00
21.4	969.00
21.42	959.00
21.44	868.00
21.46	916.00
21.48	874.00
21.5	901.00
21.52	897.00
21.54	854.00
21.56	850.00
21.58	832.00
21.6	814.00
21.62	848.00
21.64	859.00
21.66	826.00
21.68	796.00
21.7	836.00
21.72	824.00
21.74	851.00
21.76	804.00
21.78	837.00
21.8	859.00
21.82	825.00
21.84	817.00
21.86	824.00
21.88	828.00
21.9	795.00
21.92	869.00
21.94	831.00
21.96	786.00
21.98	797.00
22	806.00
22.02	822.00
22.04	880.00
22.06	831.00
22.08	786.00
22.1	805.00
22.12	884.00
22.14	763.00
22.16	801.00
22.18	779.00
22.2	785.00
22.22	822.00
22.24	806.00
22.26	811.00
22.28	807.00
22.3	810.00
22.32	821.00
22.34	810.00
22.36	794.00
22.38	771.00
22.4	782.00
22.42	771.00
22.44	802.00
22.46	823.00
22.48	777.00
22.5	804.00
22.52	787.00
22.54	765.00
22.56	814.00
22.58	781.00
22.6	819.00
22.62	812.00
22.64	833.00
22.66	779.00
22.68	747.00
22.7	788.00
22.72	782.00
22.74	804.00
22.76	785.00
22.78	791.00
22.8	781.00
22.82	784.00
22.84	755.00
22.86	742.00
22.88	807.00
22.9	779.00
22.92	780.00
22.94	787.00
22.96	772.00
22.98	771.00
23	766.00
23.02	788.00
23.04	786.00
23.06	767.00
23.08	768.00
23.1	778.00
23.12	748.00
23.14	777.00
23.16	755.00
23.18	707.00
23.2	733.00
23.22	763.00
23.24	763.00
23.26	762.00
23.28	783.00
23.3	737.00
23.32	730.00
23.34	785.00
23.36	761.00
23.38	748.00
23.4	754.00
23.42	724.00
23.44	737.00
23.46	729.00
23.48	780.00
23.5	736.00
23.52	746.00
23.54	767.00
23.56	748.00
23.58	697.00
23.6	718.00
23.62	751.00
23.64	735.00
23.66	729.00
23.68	732.00
23.7	774.00
23.72	764.00
23.74	729.00
23.76	698.00
23.78	749.00
23.8	719.00
23.82	713.00
23.84	730.00
23.86	758.00
23.88	718.00
23.9	721.00
23.92	732.00
23.94	710.00
23.96	746.00
23.98	761.00
24	762.00
24.02	720.00
24.04	725.00
24.06	731.00
24.08	742.00
24.1	704.00
24.12	729.00
24.14	738.00
24.16	693.00
24.18	713.00
24.2	718.00
24.22	798.00
24.24	739.00
24.26	744.00
24.28	729.00
24.3	692.00
24.32	673.00
24.34	748.00
24.36	758.00
24.38	769.00
24.4	753.00
24.42	743.00
24.44	709.00
24.46	742.00
24.48	741.00
24.5	762.00
24.52	776.00
24.54	750.00
24.56	746.00
24.58	785.00
24.6	753.00
24.62	736.00
24.64	784.00
24.66	757.00
24.68	778.00
24.7	769.00
24.72	773.00
24.74	795.00
24.76	794.00
24.78	822.00
24.8	846.00
24.82	875.00
24.84	936.00
24.86	911.00
24.88	993.00
24.9	1128.00
24.92	1139.00
24.94	1303.00
24.96	1404.00
24.98	1575.00
25	1734.00
25.02	1900.00
25.04	2062.00
25.06	2259.00
25.08	2497.00
25.1	2689.00
25.12	2864.00
25.14	3084.00
25.16	3233.00
25.18	3381.00
25.2	3394.00
25.22	3575.00
25.24	3426.00
25.26	3481.00
25.28	3380.00
25.3	3273.00
25.32	3153.00
25.34	3050.00
25.36	2871.00
25.38	2547.00
25.4	2294.00
25.42	1956.00
25.44	1784.00
25.46	1532.00
25.48	1352.00
25.5	1208.00
25.52	1035.00
25.54	993.00
25.56	905.00
25.58	828.00
25.6	799.00
25.62	792.00
25.64	752.00
25.66	763.00
25.68	743.00
25.7	737.00
25.72	724.00
25.74	699.00
25.76	698.00
25.78	692.00
25.8	709.00
25.82	688.00
25.84	709.00
25.86	726.00
25.88	741.00
25.9	694.00
25.92	687.00
25.94	674.00
25.96	745.00
25.98	734.00
26	697.00
26.02	716.00
26.04	677.00
26.06	659.00
26.08	689.00
26.1	713.00
26.12	694.00
26.14	683.00
26.16	677.00
26.18	681.00
26.2	721.00
26.22	666.00
26.24	706.00
26.26	688.00
26.28	661.00
26.3	699.00
26.32	662.00
26.34	676.00
26.36	694.00
26.38	694.00
26.4	672.00
26.42	623.00
26.44	647.00
26.46	646.00
26.48	711.00
26.5	659.00
26.52	655.00
26.54	657.00
26.56	627.00
26.58	666.00
26.6	674.00
26.62	669.00
26.64	661.00
26.66	632.00
26.68	608.00
26.7	679.00
26.72	645.00
26.74	685.00
26.76	667.00
26.78	669.00
26.8	657.00
26.82	642.00
26.84	674.00
26.86	657.00
26.88	604.00
26.9	648.00
26.92	649.00
26.94	681.00
26.96	645.00
26.98	610.00
27	596.00
27.02	599.00
27.04	659.00
27.06	674.00
27.08	631.00
27.1	646.00
27.12	649.00
27.14	618.00
27.16	623.00
27.18	618.00
27.2	623.00
27.22	672.00
27.24	661.00
27.26	619.00
27.28	640.00
27.3	620.00
27.32	628.00
27.34	624.00
27.36	636.00
27.38	625.00
27.4	623.00
27.42	625.00
27.44	626.00
27.46	658.00
27.48	593.00
27.5	631.00
27.52	655.00
27.54	601.00
27.56	665.00
27.58	650.00
27.6	610.00
27.62	594.00
27.64	637.00
27.66	655.00
27.68	645.00
27.7	637.00
27.72	646.00
27.74	641.00
27.76	645.00
27.78	581.00
27.8	594.00
27.82	625.00
27.84	609.00
27.86	603.00
27.88	634.00
27.9	616.00
27.92	589.00
27.94	692.00
27.96	623.00
27.98	609.00
28	635.00
28.02	600.00
28.04	574.00
28.06	598.00
28.08	623.00
28.1	601.00
28.12	613.00
28.14	591.00
28.16	601.00
28.18	592.00
28.2	631.00
28.22	617.00
28.24	619.00
28.26	599.00
28.28	593.00
28.3	616.00
28.32	633.00
28.34	594.00
28.36	642.00
28.38	651.00
28.4	639.00
28.42	610.00
28.44	636.00
28.46	550.00
28.48	625.00
28.5	588.00
28.52	569.00
28.54	572.00
28.56	558.00
28.58	571.00
28.6	626.00
28.62	558.00
28.64	606.00
28.66	597.00
28.68	570.00
28.7	630.00
28.72	606.00
28.74	618.00
28.76	622.00
28.78	622.00
28.8	604.00
28.82	592.00
28.84	590.00
28.86	613.00
28.88	610.00
28.9	637.00
28.92	659.00
28.94	636.00
28.96	666.00
28.98	677.00
29	633.00
29.02	657.00
29.04	658.00
29.06	729.00
29.08	709.00
29.1	702.00
29.12	712.00
29.14	753.00
29.16	710.00
29.18	683.00
29.2	693.00
29.22	719.00
29.24	705.00
29.26	702.00
29.28	704.00
29.3	643.00
29.32	714.00
29.34	672.00
29.36	636.00
29.38	658.00
29.4	638.00
29.42	687.00
29.44	628.00
29.46	638.00
29.48	630.00
29.5	600.00
29.52	602.00
29.54	601.00
29.56	609.00
29.58	588.00
29.6	601.00
29.62	599.00
29.64	569.00
29.66	616.00
29.68	574.00
29.7	546.00
29.72	553.00
29.74	569.00
29.76	600.00
29.78	602.00
29.8	552.00
29.82	591.00
29.84	567.00
29.86	572.00
29.88	584.00
29.9	584.00
29.92	554.00
29.94	607.00
29.96	558.00
29.98	588.00
30	630.00
30.02	617.00
30.04	554.00
30.06	540.00
30.08	582.00
30.1	577.00
30.12	578.00
30.14	605.00
30.16	606.00
30.18	558.00
30.2	555.00
30.22	573.00
30.24	571.00
30.26	599.00
30.28	601.00
30.3	570.00
30.32	563.00
30.34	572.00
30.36	572.00
30.38	553.00
30.4	569.00
30.42	551.00
30.44	576.00
30.46	564.00
30.48	530.00
30.5	522.00
30.52	573.00
30.54	535.00
30.56	552.00
30.58	539.00
30.6	533.00
30.62	596.00
30.64	589.00
30.66	590.00
30.68	561.00
30.7	565.00
30.72	585.00
30.74	539.00
30.76	534.00
30.78	536.00
30.8	550.00
30.82	572.00
30.84	577.00
30.86	568.00
30.88	571.00
30.9	575.00
30.92	533.00
30.94	530.00
30.96	571.00
30.98	525.00
31	511.00
31.02	573.00
31.04	544.00
31.06	579.00
31.08	555.00
31.1	578.00
31.12	560.00
31.14	572.00
31.16	548.00
31.18	560.00
31.2	545.00
31.22	537.00
31.24	546.00
31.26	563.00
31.28	607.00
31.3	584.00
31.32	529.00
31.34	546.00
31.36	543.00
31.38	571.00
31.4	541.00
31.42	533.00
31.44	544.00
31.46	547.00
31.48	536.00
31.5	588.00
31.52	558.00
31.54	530.00
31.56	558.00
31.58	554.00
31.6	534.00
31.62	561.00
31.64	524.00
31.66	502.00
31.68	555.00
31.7	553.00
31.72	592.00
31.74	500.00
31.76	533.00
31.78	513.00
31.8	534.00
31.82	560.00
31.84	529.00
31.86	535.00
31.88	505.00
31.9	550.00
31.92	532.00
31.94	572.00
31.96	510.00
31.98	524.00
32	575.00
32.02	533.00
32.04	542.00
32.06	548.00
32.08	530.00
32.1	570.00
32.12	543.00
32.14	526.00
32.16	481.00
32.18	548.00
32.2	505.00
32.22	514.00
32.24	528.00
32.26	577.00
32.28	506.00
32.3	513.00
32.32	505.00
32.34	528.00
32.36	537.00
32.38	544.00
32.4	522.00
32.42	549.00
32.44	545.00
32.46	528.00
32.48	534.00
32.5	530.00
32.52	563.00
32.54	541.00
32.56	544.00
32.58	525.00
32.6	511.00
32.62	530.00
32.64	523.00
32.66	534.00
32.68	578.00
32.7	540.00
32.72	555.00
32.74	527.00
32.76	540.00
32.78	554.00
32.8	529.00
32.82	502.00
32.84	533.00
32.86	526.00
32.88	538.00
32.9	536.00
32.92	564.00
32.94	536.00
32.96	505.00
32.98	502.00
33	548.00
33.02	544.00
33.04	525.00
33.06	537.00
33.08	554.00
33.1	547.00
33.12	535.00
33.14	527.00
33.16	525.00
33.18	515.00
33.2	532.00
33.22	538.00
33.24	544.00
33.26	585.00
33.28	573.00
33.3	554.00
33.32	553.00
33.34	530.00
33.36	544.00
33.38	538.00
33.4	515.00
33.42	549.00
33.44	576.00
33.46	553.00
33.48	551.00
33.5	555.00
33.52	513.00
33.54	564.00
33.56	554.00
33.58	527.00
33.6	555.00
33.62	499.00
33.64	554.00
33.66	538.00
33.68	536.00
33.7	578.00
33.72	522.00
33.74	575.00
33.76	499.00
33.78	489.00
33.8	533.00
33.82	507.00
33.84	514.00
33.86	512.00
33.88	522.00
33.9	522.00
33.92	500.00
33.94	501.00
33.96	499.00
33.98	495.00
34	511.00
34.02	569.00
34.04	529.00
34.06	514.00
34.08	522.00
34.1	494.00
34.12	540.00
34.14	530.00
34.16	536.00
34.18	493.00
34.2	506.00
34.22	530.00
34.24	510.00
34.26	543.00
34.28	502.00
34.3	485.00
34.32	493.00
34.34	548.00
34.36	530.00
34.38	521.00
34.4	511.00
34.42	503.00
34.44	491.00
34.46	532.00
34.48	510.00
34.5	524.00
34.52	547.00
34.54	537.00
34.56	530.00
34.58	537.00
34.6	531.00
34.62	515.00
34.64	522.00
34.66	474.00
34.68	500.00
34.7	511.00
34.72	505.00
34.74	526.00
34.76	510.00
34.78	509.00
34.8	519.00
34.82	527.00
34.84	532.00
34.86	523.00
34.88	499.00
34.9	508.00
34.92	510.00
34.94	492.00
34.96	537.00
34.98	512.00
35	482.00
35.02	478.00
35.04	504.00
35.06	496.00
35.08	511.00
35.1	511.00
35.12	530.00
35.14	502.00
35.16	510.00
35.18	507.00
35.2	517.00
35.22	509.00
35.24	514.00
35.26	538.00
35.28	520.00
35.3	542.00
35.32	526.00
35.34	494.00
35.36	520.00
35.38	501.00
35.4	502.00
35.42	548.00
35.44	492.00
35.46	520.00
35.48	513.00
35.5	532.00
35.52	471.00
35.54	520.00
35.56	501.00
35.58	505.00
35.6	514.00
35.62	535.00
35.64	539.00
35.66	535.00
35.68	493.00
35.7	509.00
35.72	516.00
35.74	504.00
35.76	512.00
35.78	516.00
35.8	509.00
35.82	520.00
35.84	505.00
35.86	532.00
35.88	485.00
35.9	504.00
35.92	499.00
35.94	478.00
35.96	505.00
35.98	512.00
36	511.00
36.02	492.00
36.04	502.00
36.06	495.00
36.08	499.00
36.1	496.00
36.12	503.00
36.14	533.00
36.16	541.00
36.18	507.00
36.2	491.00
36.22	479.00
36.24	512.00
36.26	521.00
36.28	542.00
36.3	523.00
36.32	527.00
36.34	508.00
36.36	489.00
36.38	481.00
36.4	480.00
36.42	545.00
36.44	521.00
36.46	523.00
36.48	506.00
36.5	520.00
36.52	508.00
36.54	494.00
36.56	515.00
36.58	511.00
36.6	464.00
36.62	502.00
36.64	491.00
36.66	572.00
36.68	547.00
36.7	497.00
36.72	492.00
36.74	506.00
36.76	521.00
36.78	500.00
36.8	518.00
36.82	495.00
36.84	528.00
36.86	470.00
36.88	501.00
36.9	514.00
36.92	512.00
36.94	506.00
36.96	511.00
36.98	506.00
37	466.00
37.02	507.00
37.04	514.00
37.06	511.00
37.08	496.00
37.1	506.00
37.12	498.00
37.14	494.00
37.16	497.00
37.18	535.00
37.2	526.00
37.22	532.00
37.24	567.00
37.26	514.00
37.28	571.00
37.3	534.00
37.32	532.00
37.34	549.00
37.36	566.00
37.38	508.00
37.4	549.00
37.42	572.00
37.44	533.00
37.46	537.00
37.48	548.00
37.5	523.00
37.52	538.00
37.54	532.00
37.56	506.00
37.58	502.00
37.6	544.00
37.62	537.00
37.64	545.00
37.66	505.00
37.68	501.00
37.7	479.00
37.72	527.00
37.74	536.00
37.76	523.00
37.78	528.00
37.8	503.00
37.82	487.00
37.84	509.00
37.86	498.00
37.88	555.00
37.9	494.00
37.92	490.00
37.94	507.00
37.96	499.00
37.98	516.00
38	531.00
38.02	482.00
38.04	502.00
38.06	491.00
38.08	505.00
38.1	504.00
38.12	486.00
38.14	498.00
38.16	511.00
38.18	523.00
38.2	496.00
38.22	506.00
38.24	482.00
38.26	511.00
38.28	497.00
38.3	507.00
38.32	501.00
38.34	517.00
38.36	507.00
38.38	492.00
38.4	516.00
38.42	499.00
38.44	490.00
38.46	488.00
38.48	492.00
38.5	492.00
38.52	494.00
38.54	494.00
38.56	504.00
38.58	500.00
38.6	495.00
38.62	512.00
38.64	480.00
38.66	494.00
38.68	475.00
38.7	475.00
38.72	521.00
38.74	490.00
38.76	479.00
38.78	472.00
38.8	490.00
38.82	536.00
38.84	527.00
38.86	512.00
38.88	487.00
38.9	477.00
38.92	499.00
38.94	513.00
38.96	513.00
38.98	486.00
39	512.00
39.02	502.00
39.04	500.00
39.06	489.00
39.08	454.00
39.1	474.00
39.12	462.00
39.14	513.00
39.16	468.00
39.18	494.00
39.2	503.00
39.22	489.00
39.24	489.00
39.26	497.00
39.28	505.00
39.3	487.00
39.32	492.00
39.34	484.00
39.36	513.00
39.38	507.00
39.4	505.00
39.42	483.00
39.44	531.00
39.46	509.00
39.48	493.00
39.5	513.00
39.52	536.00
39.54	531.00
39.56	521.00
39.58	529.00
39.6	520.00
39.62	514.00
39.64	514.00
39.66	493.00
39.68	527.00
39.7	496.00
39.72	514.00
39.74	508.00
39.76	537.00
39.78	496.00
39.8	521.00
39.82	494.00
39.84	518.00
39.86	498.00
39.88	512.00
39.9	519.00
39.92	520.00
39.94	535.00
39.96	530.00
39.98	495.00
40	532.00
40.02	548.00
40.04	529.00
40.06	524.00
40.08	538.00
40.1	505.00
40.12	539.00
40.14	564.00
40.16	544.00
40.18	517.00
40.2	543.00
40.22	505.00
40.24	533.00
40.26	519.00
40.28	550.00
40.3	519.00
40.32	558.00
40.34	518.00
40.36	534.00
40.38	524.00
40.4	536.00
40.42	533.00
40.44	510.00
40.46	527.00
40.48	545.00
40.5	532.00
40.52	544.00
40.54	532.00
40.56	553.00
40.58	550.00
40.6	586.00
40.62	500.00
40.64	558.00
40.66	522.00
40.68	548.00
40.7	535.00
40.72	554.00
40.74	533.00
40.76	540.00
40.78	536.00
40.8	579.00
40.82	538.00
40.84	552.00
40.86	551.00
40.88	570.00
40.9	547.00
40.92	558.00
40.94	602.00
40.96	568.00
40.98	582.00
41	625.00
41.02	589.00
41.04	593.00
41.06	615.00
41.08	609.00
41.1	638.00
41.12	590.00
41.14	614.00
41.16	683.00
41.18	680.00
41.2	766.00
41.22	813.00
41.24	784.00
41.26	888.00
41.28	958.00
41.3	1052.00
41.32	1176.00
41.34	1322.00
41.36	1468.00
41.38	1610.00
41.4	1815.00
41.42	1927.00
41.44	2066.00
41.46	2353.00
41.48	2488.00
41.5	2798.00
41.52	2951.00
41.54	3224.00
41.56	3364.00
41.58	3619.00
41.6	3642.00
41.62	3860.00
41.64	3852.00
41.66	3826.00
41.68	3973.00
41.7	3891.00
41.72	3865.00
41.74	3782.00
41.76	3653.00
41.78	3707.00
41.8	3693.00
41.82	3715.00
41.84	3624.00
41.86	3492.00
41.88	3487.00
41.9	3371.00
41.92	3254.00
41.94	3113.00
41.96	3021.00
41.98	2871.00
42	2695.00
42.02	2514.00
42.04	2323.00
42.06	2097.00
42.08	1991.00
42.1	1846.00
42.12	1634.00
42.14	1474.00
42.16	1284.00
42.18	1082.00
42.2	985.00
42.22	927.00
42.24	831.00
42.26	744.00
42.28	712.00
42.3	667.00
42.32	621.00
42.34	569.00
42.36	572.00
42.38	571.00
42.4	597.00
42.42	575.00
42.44	537.00
42.46	564.00
42.48	547.00
42.5	595.00
42.52	516.00
42.54	535.00
42.56	552.00
42.58	543.00
42.6	529.00
42.62	494.00
42.64	514.00
42.66	509.00
42.68	516.00
42.7	503.00
42.72	559.00
42.74	548.00
42.76	536.00
42.78	548.00
42.8	556.00
42.82	564.00
42.84	508.00
42.86	527.00
42.88	488.00
42.9	509.00
42.92	521.00
42.94	521.00
42.96	537.00
42.98	522.00
43	545.00
43.02	535.00
43.04	498.00
43.06	535.00
43.08	535.00
43.1	490.00
43.12	536.00
43.14	487.00
43.16	522.00
43.18	488.00
43.2	516.00
43.22	521.00
43.24	547.00
43.26	492.00
43.28	507.00
43.3	524.00
43.32	488.00
43.34	524.00
43.36	513.00
43.38	515.00
43.4	514.00
43.42	520.00
43.44	540.00
43.46	527.00
43.48	519.00
43.5	504.00
43.52	501.00
43.54	509.00
43.56	501.00
43.58	473.00
43.6	520.00
43.62	488.00
43.64	497.00
43.66	511.00
43.68	496.00
43.7	510.00
43.72	499.00
43.74	530.00
43.76	519.00
43.78	518.00
43.8	524.00
43.82	501.00
43.84	523.00
43.86	499.00
43.88	529.00
43.9	533.00
43.92	493.00
43.94	498.00
43.96	487.00
43.98	484.00
44	491.00
44.02	495.00
44.04	479.00
44.06	502.00
44.08	494.00
44.1	515.00
44.12	519.00
44.14	507.00
44.16	501.00
44.18	489.00
44.2	526.00
44.22	529.00
44.24	502.00
44.26	518.00
44.28	520.00
44.3	486.00
44.32	445.00
44.34	505.00
44.36	483.00
44.38	528.00
44.4	499.00
44.42	530.00
44.44	485.00
44.46	496.00
44.48	505.00
44.5	493.00
44.52	496.00
44.54	487.00
44.56	489.00
44.58	506.00
44.6	496.00
44.62	504.00
44.64	473.00
44.66	491.00
44.68	495.00
44.7	481.00
44.72	455.00
44.74	479.00
44.76	498.00
44.78	470.00
44.8	502.00
44.82	497.00
44.84	499.00
44.86	516.00
44.88	503.00
44.9	495.00
44.92	501.00
44.94	520.00
44.96	503.00
44.98	482.00
45	501.00
45.02	526.00
45.04	492.00
45.06	485.00
45.08	502.00
45.1	501.00
45.12	506.00
45.14	470.00
45.16	512.00
45.18	480.00
45.2	490.00
45.22	495.00
45.24	509.00
45.26	481.00
45.28	500.00
45.3	480.00
45.32	498.00
45.34	503.00
45.36	480.00
45.38	484.00
45.4	489.00
45.42	479.00
45.44	517.00
45.46	490.00
45.48	491.00
45.5	508.00
45.52	482.00
45.54	496.00
45.56	527.00
45.58	481.00
45.6	506.00
45.62	465.00
45.64	470.00
45.66	483.00
45.68	498.00
45.7	486.00
45.72	497.00
45.74	510.00
45.76	507.00
45.78	492.00
45.8	495.00
45.82	497.00
45.84	474.00
45.86	508.00
45.88	485.00
45.9	480.00
45.92	470.00
45.94	470.00
45.96	486.00
45.98	477.00
46	464.00
46.02	450.00
46.04	448.00
46.06	460.00
46.08	483.00
46.1	503.00
46.12	491.00
46.14	522.00
46.16	451.00
46.18	487.00
46.2	504.00
46.22	485.00
46.24	484.00
46.26	473.00
46.28	510.00
46.3	441.00
46.32	497.00
46.34	485.00
46.36	480.00
46.38	457.00
46.4	463.00
46.42	472.00
46.44	507.00
46.46	507.00
46.48	504.00
46.5	462.00
46.52	479.00
46.54	475.00
46.56	448.00
46.58	439.00
46.6	460.00
46.62	471.00
46.64	455.00
46.66	446.00
46.68	434.00
46.7	462.00
46.72	468.00
46.74	455.00
46.76	468.00
46.78	503.00
46.8	499.00
46.82	493.00
46.84	479.00
46.86	516.00
46.88	465.00
46.9	497.00
46.92	547.00
46.94	473.00
46.96	469.00
46.98	458.00
47	482.00
47.02	502.00
47.04	485.00
47.06	486.00
47.08	461.00
47.1	474.00
47.12	475.00
47.14	477.00
47.16	512.00
47.18	507.00
47.2	487.00
47.22	481.00
47.24	458.00
47.26	452.00
47.28	494.00
47.3	467.00
47.32	488.00
47.34	481.00
47.36	515.00
47.38	501.00
47.4	483.00
47.42	511.00
47.44	484.00
47.46	474.00
47.48	484.00
47.5	482.00
47.52	455.00
47.54	467.00
47.56	497.00
47.58	493.00
47.6	507.00
47.62	505.00
47.64	471.00
47.66	438.00
47.68	498.00
47.7	511.00
47.72	478.00
47.74	494.00
47.76	490.00
47.78	441.00
47.8	498.00
47.82	511.00
47.84	455.00
47.86	492.00
47.88	526.00
47.9	504.00
47.92	458.00
47.94	492.00
47.96	514.00
47.98	471.00
48	482.00
48.02	475.00
48.04	517.00
48.06	489.00
48.08	453.00
48.1	492.00
48.12	504.00
48.14	514.00
48.16	470.00
48.18	510.00
48.2	496.00
48.22	492.00
48.24	487.00
48.26	444.00
48.28	471.00
48.3	453.00
48.32	464.00
48.34	502.00
48.36	496.00
48.38	464.00
48.4	476.00
48.42	491.00
48.44	491.00
48.46	476.00
48.48	508.00
48.5	479.00
48.52	525.00
48.54	504.00
48.56	512.00
48.58	514.00
48.6	554.00
48.62	520.00
48.64	516.00
48.66	523.00
48.68	503.00
48.7	556.00
48.72	564.00
48.74	547.00
48.76	570.00
48.78	613.00
48.8	573.00
48.82	623.00
48.84	648.00
48.86	668.00
48.88	695.00
48.9	748.00
48.92	795.00
48.94	816.00
48.96	926.00
48.98	968.00
49	1034.00
49.02	1115.00
49.04	1210.00
49.06	1230.00
49.08	1392.00
49.1	1426.00
49.12	1483.00
49.14	1525.00
49.16	1637.00
49.18	1716.00
49.2	1692.00
49.22	1831.00
49.24	1838.00
49.26	1828.00
49.28	1980.00
49.3	1990.00
49.32	1979.00
49.34	2015.00
49.36	2086.00
49.38	2117.00
49.4	2064.00
49.42	2048.00
49.44	2105.00
49.46	2097.00
49.48	2045.00
49.5	1960.00
49.52	1977.00
49.54	1862.00
49.56	1773.00
49.58	1749.00
49.6	1662.00
49.62	1605.00
49.64	1456.00
49.66	1445.00
49.68	1380.00
49.7	1292.00
49.72	1260.00
49.74	1188.00
49.76	1125.00
49.78	1197.00
49.8	1107.00
49.82	1039.00
49.84	996.00
49.86	951.00
49.88	943.00
49.9	850.00
49.92	831.00
49.94	805.00
49.96	766.00
49.98	743.00
50	714.00
50.02	735.00
50.04	673.00
50.06	566.00
50.08	629.00
50.1	603.00
50.12	596.00
50.14	570.00
50.16	562.00
50.18	509.00
50.2	542.00
50.22	504.00
50.24	495.00
50.26	494.00
50.28	507.00
50.3	506.00
50.32	516.00
50.34	477.00
50.36	504.00
50.38	504.00
50.4	514.00
50.42	470.00
50.44	470.00
50.46	477.00
50.48	479.00
50.5	472.00
50.52	465.00
50.54	434.00
50.56	474.00
50.58	471.00
50.6	469.00
50.62	463.00
50.64	473.00
50.66	498.00
50.68	486.00
50.7	492.00
50.72	474.00
50.74	448.00
50.76	491.00
50.78	455.00
50.8	429.00
50.82	506.00
50.84	459.00
50.86	468.00
50.88	475.00
50.9	475.00
50.92	451.00
50.94	518.00
50.96	477.00
50.98	473.00
51	444.00
51.02	458.00
51.04	446.00
51.06	516.00
51.08	474.00
51.1	514.00
51.12	467.00
51.14	461.00
51.16	471.00
51.18	459.00
51.2	488.00
51.22	487.00
51.24	476.00
51.26	448.00
51.28	474.00
51.3	460.00
51.32	488.00
51.34	456.00
51.36	489.00
51.38	483.00
51.4	462.00
51.42	470.00
51.44	440.00
51.46	479.00
51.48	489.00
51.5	493.00
51.52	449.00
51.54	476.00
51.56	508.00
51.58	501.00
51.6	477.00
51.62	496.00
51.64	486.00
51.66	477.00
51.68	474.00
51.7	475.00
51.72	487.00
51.74	504.00
51.76	468.00
51.78	490.00
51.8	481.00
51.82	491.00
51.84	454.00
51.86	484.00
51.88	492.00
51.9	456.00
51.92	472.00
51.94	523.00
51.96	462.00
51.98	488.00
52	469.00
52.02	547.00
52.04	476.00
52.06	472.00
52.08	479.00
52.1	473.00
52.12	494.00
52.14	498.00
52.16	464.00
52.18	465.00
52.2	428.00
52.22	477.00
52.24	469.00
52.26	488.00
52.28	477.00
52.3	437.00
52.32	487.00
52.34	473.00
52.36	451.00
52.38	463.00
52.4	455.00
52.42	458.00
52.44	455.00
52.46	482.00
52.48	458.00
52.5	455.00
52.52	460.00
52.54	494.00
52.56	450.00
52.58	415.00
52.6	479.00
52.62	484.00
52.64	438.00
52.66	454.00
52.68	454.00
52.7	451.00
52.72	425.00
52.74	458.00
52.76	475.00
52.78	474.00
52.8	470.00
52.82	439.00
52.84	451.00
52.86	462.00
52.88	453.00
52.9	475.00
52.92	459.00
52.94	437.00
52.96	462.00
52.98	471.00
53	436.00
53.02	424.00
53.04	423.00
53.06	417.00
53.08	417.00
53.1	423.00
53.12	424.00
53.14	464.00
53.16	445.00
53.18	479.00
53.2	455.00
53.22	419.00
53.24	445.00
53.26	458.00
53.28	478.00
53.3	466.00
53.32	397.00
53.34	444.00
53.36	456.00
53.38	433.00
53.4	442.00
53.42	444.00
53.44	426.00
53.46	488.00
53.48	433.00
53.5	457.00
53.52	451.00
53.54	480.00
53.56	492.00
53.58	433.00
53.6	442.00
53.62	468.00
53.64	480.00
53.66	428.00
53.68	451.00
53.7	472.00
53.72	498.00
53.74	494.00
53.76	474.00
53.78	430.00
53.8	445.00
53.82	444.00
53.84	447.00
53.86	462.00
53.88	442.00
53.9	472.00
53.92	441.00
53.94	468.00
53.96	451.00
53.98	473.00
54	416.00
54.02	445.00
54.04	449.00
54.06	496.00
54.08	454.00
54.1	440.00
54.12	417.00
54.14	437.00
54.16	484.00
54.18	471.00
54.2	445.00
54.22	459.00
54.24	508.00
54.26	440.00
54.28	454.00
54.3	464.00
54.32	422.00
54.34	451.00
54.36	458.00
54.38	467.00
54.4	432.00
54.42	463.00
54.44	464.00
54.46	474.00
54.48	479.00
54.5	445.00
54.52	465.00
54.54	424.00
54.56	474.00
54.58	452.00
54.6	445.00
54.62	419.00
54.64	436.00
54.66	481.00
54.68	449.00
54.7	428.00
54.72	450.00
54.74	457.00
54.76	445.00
54.78	487.00
54.8	452.00
54.82	479.00
54.84	481.00
54.86	458.00
54.88	439.00
54.9	442.00
54.92	455.00
54.94	445.00
54.96	466.00
54.98	470.00
55	438.00
55.02	475.00
55.04	483.00
55.06	453.00
55.08	470.00
55.1	470.00
55.12	432.00
55.14	474.00
55.16	472.00
55.18	481.00
55.2	495.00
55.22	434.00
55.24	444.00
55.26	444.00
55.28	462.00
55.3	466.00
55.32	433.00
55.34	469.00
55.36	441.00
55.38	463.00
55.4	465.00
55.42	449.00
55.44	429.00
55.46	464.00
55.48	436.00
55.5	448.00
55.52	465.00
55.54	434.00
55.56	446.00
55.58	458.00
55.6	485.00
55.62	456.00
55.64	459.00
55.66	411.00
55.68	442.00
55.7	445.00
55.72	451.00
55.74	467.00
55.76	454.00
55.78	449.00
55.8	440.00
55.82	446.00
55.84	449.00
55.86	462.00
55.88	441.00
55.9	441.00
55.92	438.00
55.94	472.00
55.96	457.00
55.98	434.00
56	449.00
56.02	421.00
56.04	446.00
56.06	468.00
56.08	443.00
56.1	452.00
56.12	450.00
56.14	427.00
56.16	454.00
56.18	419.00
56.2	434.00
56.22	411.00
56.24	389.00
56.26	435.00
56.28	449.00
56.3	450.00
56.32	474.00
56.34	463.00
56.36	433.00
56.38	455.00
56.4	437.00
56.42	457.00
56.44	461.00
56.46	439.00
56.48	434.00
56.5	425.00
56.52	453.00
56.54	433.00
56.56	471.00
56.58	445.00
56.6	439.00
56.62	440.00
56.64	458.00
56.66	469.00
56.68	452.00
56.7	468.00
56.72	454.00
56.74	413.00
56.76	453.00
56.78	445.00
56.8	451.00
56.82	453.00
56.84	426.00
56.86	420.00
56.88	474.00
56.9	454.00
56.92	420.00
56.94	447.00
56.96	468.00
56.98	486.00
57	442.00
57.02	440.00
57.04	450.00
57.06	462.00
57.08	429.00
57.1	455.00
57.12	431.00
57.14	433.00
57.16	437.00
57.18	448.00
57.2	437.00
57.22	429.00
57.24	417.00
57.26	412.00
57.28	453.00
57.3	453.00
57.32	446.00
57.34	467.00
57.36	446.00
57.38	466.00
57.4	450.00
57.42	442.00
57.44	462.00
57.46	430.00
57.48	403.00
57.5	440.00
57.52	477.00
57.54	427.00
57.56	449.00
57.58	451.00
57.6	447.00
57.62	447.00
57.64	453.00
57.66	453.00
57.68	447.00
57.7	449.00
57.72	439.00
57.74	401.00
57.76	479.00
57.78	447.00
57.8	447.00
57.82	429.00
57.84	417.00
57.86	387.00
57.88	443.00
57.9	433.00
57.92	433.00
57.94	420.00
57.96	431.00
57.98	433.00
58	445.00
58.02	476.00
58.04	471.00
58.06	433.00
58.08	440.00
58.1	431.00
58.12	426.00
58.14	401.00
58.16	440.00
58.18	451.00
58.2	488.00
58.22	433.00
58.24	487.00
58.26	455.00
58.28	454.00
58.3	455.00
58.32	444.00
58.34	447.00
58.36	416.00
58.38	427.00
58.4	452.00
58.42	455.00
58.44	450.00
58.46	460.00
58.48	462.00
58.5	446.00
58.52	421.00
58.54	455.00
58.56	432.00
58.58	434.00
58.6	436.00
58.62	440.00
58.64	472.00
58.66	436.00
58.68	472.00
58.7	461.00
58.72	452.00
58.74	451.00
58.76	446.00
58.78	427.00
58.8	425.00
58.82	441.00
58.84	461.00
58.86	450.00
58.88	474.00
58.9	463.00
58.92	433.00
58.94	439.00
58.96	498.00
58.98	483.00
59	468.00
59.02	458.00
59.04	457.00
59.06	492.00
59.08	478.00
59.1	434.00
59.12	444.00
59.14	425.00
59.16	443.00
59.18	461.00
59.2	485.00
59.22	423.00
59.24	472.00
59.26	437.00
59.28	447.00
59.3	434.00
59.32	473.00
59.34	446.00
59.36	429.00
59.38	457.00
59.4	427.00
59.42	451.00
59.44	447.00
59.46	455.00
59.48	423.00
59.5	461.00
59.52	441.00
59.54	450.00
59.56	451.00
59.58	424.00
59.6	455.00
59.62	479.00
59.64	477.00
59.66	492.00
59.68	455.00
59.7	472.00
59.72	488.00
59.74	500.00
59.76	517.00
59.78	494.00
59.8	496.00
59.82	460.00
59.84	462.00
59.86	485.00
59.88	491.00
59.9	498.00
59.92	523.00
59.94	527.00
59.96	512.00
59.98	583.00
60	569.00
60.02	546.00
60.04	556.00
60.06	587.00
60.08	615.00
60.1	592.00
60.12	605.00
60.14	629.00
60.16	605.00
60.18	633.00
60.2	628.00
60.22	625.00
60.24	632.00
60.26	687.00
60.28	703.00
60.3	659.00
60.32	713.00
60.34	692.00
60.36	646.00
60.38	664.00
60.4	731.00
60.42	675.00
60.44	687.00
60.46	684.00
60.48	674.00
60.5	709.00
60.52	730.00
60.54	704.00
60.56	721.00
60.58	676.00
60.6	716.00
60.62	706.00
60.64	656.00
60.66	692.00
60.68	663.00
60.7	632.00
60.72	627.00
60.74	648.00
60.76	586.00
60.78	570.00
60.8	531.00
60.82	525.00
60.84	551.00
60.86	507.00
60.88	506.00
60.9	492.00
60.92	514.00
60.94	493.00
60.96	505.00
60.98	497.00
61	477.00
61.02	534.00
61.04	503.00
61.06	480.00
61.08	507.00
61.1	495.00
61.12	534.00
61.14	534.00
61.16	495.00
61.18	464.00
61.2	448.00
61.22	468.00
61.24	452.00
61.26	462.00
61.28	480.00
61.3	463.00
61.32	472.00
61.34	444.00
61.36	455.00
61.38	439.00
61.4	457.00
61.42	466.00
61.44	436.00
61.46	459.00
61.48	451.00
61.5	441.00
61.52	436.00
61.54	417.00
61.56	442.00
61.58	408.00
61.6	418.00
61.62	431.00
61.64	453.00
61.66	448.00
61.68	462.00
61.7	441.00
61.72	424.00
61.74	456.00
61.76	450.00
61.78	451.00
61.8	446.00
61.82	438.00
61.84	462.00
61.86	442.00
61.88	440.00
61.9	406.00
61.92	448.00
61.94	427.00
61.96	459.00
61.98	446.00
62	428.00
62.02	449.00
62.04	445.00
62.06	424.00
62.08	438.00
62.1	453.00
62.12	439.00
62.14	414.00
62.16	428.00
62.18	427.00
62.2	426.00
62.22	433.00
62.24	437.00
62.26	465.00
62.28	453.00
62.3	469.00
62.32	410.00
62.34	432.00
62.36	434.00
62.38	452.00
62.4	419.00
62.42	395.00
62.44	439.00
62.46	395.00
62.48	425.00
62.5	422.00
62.52	436.00
62.54	447.00
62.56	444.00
62.58	441.00
62.6	445.00
62.62	436.00
62.64	459.00
62.66	434.00
62.68	433.00
62.7	425.00
62.72	445.00
62.74	412.00
62.76	456.00
62.78	436.00
62.8	411.00
62.82	408.00
62.84	444.00
62.86	447.00
62.88	444.00
62.9	456.00
62.92	442.00
62.94	451.00
62.96	483.00
62.98	437.00
63	471.00
63.02	437.00
63.04	423.00
63.06	432.00
63.08	421.00
63.1	456.00
63.12	432.00
63.14	405.00
63.16	450.00
63.18	436.00
63.2	439.00
63.22	447.00
63.24	415.00
63.26	436.00
63.28	427.00
63.3	425.00
63.32	440.00
63.34	461.00
63.36	432.00
63.38	443.00
63.4	460.00
63.42	424.00
63.44	456.00
63.46	469.00
63.48	437.00
63.5	474.00
63.52	417.00
63.54	454.00
63.56	443.00
63.58	405.00
63.6	407.00
63.62	438.00
63.64	435.00
63.66	438.00
63.68	447.00
63.7	453.00
63.72	438.00
63.74	439.00
63.76	395.00
63.78	445.00
63.8	405.00
63.82	448.00
63.84	473.00
63.86	440.00
63.88	434.00
63.9	430.00
63.92	439.00
63.94	427.00
63.96	451.00
63.98	408.00
64	416.00
64.02	426.00
64.04	415.00
64.06	429.00
64.08	413.00
64.1	442.00
64.12	441.00
64.14	423.00
64.16	450.00
64.18	467.00
64.2	437.00
64.22	444.00
64.24	422.00
64.26	429.00
64.28	411.00
64.3	440.00
64.32	440.00
64.34	443.00
64.36	471.00
64.38	431.00
64.4	430.00
64.42	421.00
64.44	418.00
64.46	468.00
64.48	395.00
64.5	435.00
64.52	404.00
64.54	429.00
64.56	448.00
64.58	446.00
64.6	422.00
64.62	434.00
64.64	424.00
64.66	456.00
64.68	429.00
64.7	447.00
64.72	403.00
64.74	431.00
64.76	424.00
64.78	436.00
64.8	444.00
64.82	438.00
64.84	419.00
64.86	444.00
64.88	435.00
64.9	433.00
64.92	409.00
64.94	435.00
64.96	419.00
64.98	440.00
65	460.00
65.02	442.00
65.04	423.00
65.06	414.00
65.08	421.00
65.1	438.00
65.12	467.00
65.14	418.00
65.16	412.00
65.18	462.00
65.2	451.00
65.22	444.00
65.24	431.00
65.26	450.00
65.28	442.00
65.3	416.00
65.32	478.00
65.34	449.00
65.36	442.00
65.38	439.00
65.4	422.00
65.42	437.00
65.44	431.00
65.46	423.00
65.48	452.00
65.5	430.00
65.52	460.00
65.54	485.00
65.56	494.00
65.58	433.00
65.6	485.00
65.62	450.00
65.64	456.00
65.66	456.00
65.68	457.00
65.7	487.00
65.72	449.00
65.74	460.00
65.76	450.00
65.78	482.00
65.8	479.00
65.82	531.00
65.84	504.00
65.86	509.00
65.88	543.00
65.9	523.00
65.92	522.00
65.94	523.00
65.96	580.00
65.98	552.00
66	606.00
66.02	604.00
66.04	602.00
66.06	626.00
66.08	653.00
66.1	660.00
66.12	645.00
66.14	664.00
66.16	725.00
66.18	785.00
66.2	759.00
66.22	812.00
66.24	786.00
66.26	811.00
66.28	806.00
66.3	838.00
66.32	905.00
66.34	863.00
66.36	892.00
66.38	919.00
66.4	888.00
66.42	886.00
66.44	948.00
66.46	983.00
66.48	940.00
66.5	985.00
66.52	960.00
66.54	930.00
66.56	970.00
66.58	1037.00
66.6	991.00
66.62	1014.00
66.64	972.00
66.66	1025.00
66.68	979.00
66.7	1006.00
66.72	1044.00
66.74	1010.00
66.76	1000.00
66.78	1009.00
66.8	1001.00
66.82	995.00
66.84	1027.00
66.86	969.00
66.88	960.00
66.9	894.00
66.92	889.00
66.94	867.00
66.96	848.00
66.98	850.00
67	845.00
67.02	793.00
67.04	800.00
67.06	785.00
67.08	764.00
67.1	745.00
67.12	678.00
67.14	644.00
67.16	598.00
67.18	586.00
67.2	607.00
67.22	587.00
67.24	586.00
67.26	581.00
67.28	545.00
67.3	533.00
67.32	492.00
67.34	481.00
67.36	505.00
67.38	480.00
67.4	500.00
67.42	472.00
67.44	454.00
67.46	492.00
67.48	471.00
67.5	461.00
67.52	462.00
67.54	448.00
67.56	495.00
67.58	453.00
67.6	418.00
67.62	451.00
67.64	462.00
67.66	421.00
67.68	456.00
67.7	440.00
67.72	472.00
67.74	488.00
67.76	455.00
67.78	463.00
67.8	392.00
67.82	421.00
67.84	469.00
67.86	470.00
67.88	455.00
67.9	451.00
67.92	468.00
67.94	461.00
67.96	462.00
67.98	464.00
68	471.00
68.02	433.00
68.04	434.00
68.06	450.00
68.08	447.00
68.1	484.00
68.12	472.00
68.14	459.00
68.16	452.00
68.18	466.00
68.2	444.00
68.22	462.00
68.24	442.00
68.26	497.00
68.28	463.00
68.3	472.00
68.32	461.00
68.34	502.00
68.36	471.00
68.38	471.00
68.4	487.00
68.42	479.00
68.44	487.00
68.46	500.00
68.48	448.00
68.5	459.00
68.52	489.00
68.54	476.00
68.56	467.00
68.58	476.00
68.6	517.00
68.62	490.00
68.64	492.00
68.66	495.00
68.68	512.00
68.7	456.00
68.72	487.00
68.74	463.00
68.76	487.00
68.78	447.00
68.8	457.00
68.82	482.00
68.84	503.00
68.86	465.00
68.88	439.00
68.9	485.00
68.92	498.00
68.94	444.00
68.96	528.00
68.98	441.00
69	458.00
69.02	462.00
69.04	447.00
69.06	471.00
69.08	483.00
69.1	499.00
69.12	443.00
69.14	447.00
69.16	446.00
69.18	463.00
69.2	447.00
69.22	436.00
69.24	479.00
69.26	470.00
69.28	473.00
69.3	469.00
69.32	445.00
69.34	445.00
69.36	428.00
69.38	457.00
69.4	436.00
69.42	432.00
69.44	456.00
69.46	442.00
69.48	446.00
69.5	431.00
69.52	438.00
69.54	437.00
69.56	459.00
69.58	436.00
69.6	432.00
69.62	412.00
69.64	403.00
69.66	442.00
69.68	457.00
69.7	450.00
69.72	417.00
69.74	419.00
69.76	432.00
69.78	459.00
69.8	448.00
69.82	451.00
69.84	437.00
69.86	396.00
69.88	434.00
69.9	413.00
69.92	393.00
69.94	411.00
69.96	456.00
69.98	425.00
70	431.00
70.02	429.00
70.04	416.00
70.06	463.00
70.08	437.00
70.1	410.00
70.12	394.00
70.14	440.00
70.16	433.00
70.18	430.00
70.2	473.00
70.22	440.00
70.24	441.00
70.26	412.00
70.28	446.00
70.3	460.00
70.32	469.00
70.34	453.00
70.36	436.00
70.38	439.00
70.4	452.00
70.42	431.00
70.44	418.00
70.46	411.00
70.48	411.00
70.5	446.00
70.52	428.00
70.54	429.00
70.56	448.00
70.58	471.00
70.6	436.00
70.62	429.00
70.64	419.00
70.66	411.00
70.68	427.00
70.7	443.00
70.72	412.00
70.74	429.00
70.76	471.00
70.78	469.00
70.8	444.00
70.82	450.00
70.84	421.00
70.86	409.00
70.88	398.00
70.9	429.00
70.92	402.00
70.94	438.00
70.96	398.00
70.98	441.00
71	428.00
71.02	450.00
71.04	422.00
71.06	440.00
71.08	412.00
71.1	422.00
71.12	435.00
71.14	445.00
71.16	457.00
71.18	463.00
71.2	423.00
71.22	432.00
71.24	441.00
71.26	442.00
71.28	420.00
71.3	413.00
71.32	434.00
71.34	417.00
71.36	432.00
71.38	425.00
71.4	426.00
71.42	438.00
71.44	451.00
71.46	435.00
71.48	440.00
71.5	459.00
71.52	439.00
71.54	435.00
71.56	430.00
71.58	414.00
71.6	423.00
71.62	435.00
71.64	428.00
71.66	428.00
71.68	430.00
71.7	443.00
71.72	457.00
71.74	451.00
71.76	444.00
71.78	425.00
71.8	438.00
71.82	422.00
71.84	469.00
71.86	414.00
71.88	396.00
71.9	442.00
71.92	462.00
71.94	450.00
71.96	419.00
71.98	415.00
72	450.00
72.02	440.00
72.04	427.00
72.06	391.00
72.08	419.00
72.1	418.00
72.12	440.00
72.14	446.00
72.16	411.00
72.18	422.00
72.2	421.00
72.22	411.00
72.24	417.00
72.26	442.00
72.28	423.00
72.3	420.00
72.32	463.00
72.34	413.00
72.36	450.00
72.38	449.00
72.4	420.00
72.42	443.00
72.44	416.00
72.46	425.00
72.48	442.00
72.5	439.00
72.52	470.00
72.54	457.00
72.56	427.00
72.58	402.00
72.6	433.00
72.62	455.00
72.64	449.00
72.66	391.00
72.68	434.00
72.7	460.00
72.72	439.00
72.74	441.00
72.76	431.00
72.78	464.00
72.8	466.00
72.82	419.00
72.84	454.00
72.86	393.00
72.88	410.00
72.9	438.00
72.92	459.00
72.94	475.00
72.96	422.00
72.98	410.00
73	432.00
73.02	414.00
73.04	483.00
73.06	411.00
73.08	425.00
73.1	436.00
73.12	422.00
73.14	414.00
73.16	447.00
73.18	445.00
73.2	428.00
73.22	414.00
73.24	466.00
73.26	431.00
73.28	423.00
73.3	420.00
73.32	437.00
73.34	440.00
73.36	436.00
73.38	439.00
73.4	415.00
73.42	424.00
73.44	444.00
73.46	462.00
73.48	414.00
73.5	438.00
73.52	440.00
73.54	445.00
73.56	432.00
73.58	426.00
73.6	429.00
73.62	447.00
73.64	420.00
73.66	474.00
73.68	462.00
73.7	462.00
73.72	456.00
73.74	468.00
73.76	426.00
73.78	417.00
73.8	440.00
73.82	435.00
73.84	428.00
73.86	435.00
73.88	458.00
73.9	437.00
73.92	479.00
73.94	443.00
73.96	424.00
73.98	435.00
74	408.00
74.02	450.00
74.04	449.00
74.06	423.00
74.08	424.00
74.1	404.00
74.12	428.00
74.14	435.00
74.16	464.00
74.18	437.00
74.2	459.00
74.22	436.00
74.24	431.00
74.26	420.00
74.28	436.00
74.3	431.00
74.32	491.00
74.34	421.00
74.36	417.00
74.38	452.00
74.4	436.00
74.42	431.00
74.44	452.00
74.46	468.00
74.48	427.00
74.5	464.00
74.52	462.00
74.54	423.00
74.56	449.00
74.58	433.00
74.6	457.00
74.62	463.00
74.64	451.00
74.66	454.00
74.68	466.00
74.7	442.00
74.72	470.00
74.74	471.00
74.76	456.00
74.78	467.00
74.8	472.00
74.82	444.00
74.84	428.00
74.86	456.00
74.88	449.00
74.9	429.00
74.92	438.00
74.94	488.00
74.96	459.00
74.98	444.00
75	464.00
75.02	442.00
75.04	447.00
75.06	440.00
75.08	427.00
75.1	474.00
75.12	484.00
75.14	461.00
75.16	477.00
75.18	479.00
75.2	457.00
75.22	497.00
75.24	461.00
75.26	491.00
75.28	514.00
75.3	479.00
75.32	481.00
75.34	484.00
75.36	508.00
75.38	482.00
75.4	529.00
75.42	519.00
75.44	534.00
75.46	554.00
75.48	554.00
75.5	558.00
75.52	557.00
75.54	547.00
75.56	595.00
75.58	592.00
75.6	614.00
75.62	637.00
75.64	702.00
75.66	624.00
75.68	673.00
75.7	696.00
75.72	681.00
75.74	720.00
75.76	768.00
75.78	737.00
75.8	772.00
75.82	773.00
75.84	798.00
75.86	796.00
75.88	807.00
75.9	824.00
75.92	800.00
75.94	787.00
75.96	826.00
75.98	842.00
76	848.00
76.02	876.00
76.04	855.00
76.06	840.00
76.08	908.00
76.1	920.00
76.12	874.00
76.14	884.00
76.16	885.00
76.18	874.00
76.2	905.00
76.22	928.00
76.24	946.00
76.26	952.00
76.28	919.00
76.3	886.00
76.32	974.00
76.34	938.00
76.36	906.00
76.38	933.00
76.4	940.00
76.42	935.00
76.44	910.00
76.46	961.00
76.48	892.00
76.5	895.00
76.52	857.00
76.54	863.00
76.56	839.00
76.58	815.00
76.6	827.00
76.62	835.00
76.64	841.00
76.66	790.00
76.68	818.00
76.7	788.00
76.72	744.00
76.74	702.00
76.76	744.00
76.78	708.00
76.8	656.00
76.82	671.00
76.84	684.00
76.86	656.00
76.88	627.00
76.9	617.00
76.92	611.00
76.94	588.00
76.96	570.00
76.98	597.00
77	549.00
77.02	532.00
77.04	519.00
77.06	491.00
77.08	477.00
77.1	492.00
77.12	491.00
77.14	461.00
77.16	489.00
77.18	462.00
77.2	447.00
77.22	478.00
77.24	478.00
77.26	473.00
77.28	466.00
77.3	447.00
77.32	430.00
77.34	432.00
77.36	449.00
77.38	440.00
77.4	416.00
77.42	455.00
77.44	475.00
77.46	488.00
77.48	415.00
77.5	442.00
77.52	427.00
77.54	441.00
77.56	423.00
77.58	454.00
77.6	447.00
77.62	487.00
77.64	468.00
77.66	430.00
77.68	442.00
77.7	431.00
77.72	435.00
77.74	406.00
77.76	405.00
77.78	429.00
77.8	437.00
77.82	427.00
77.84	434.00
77.86	430.00
77.88	444.00
77.9	466.00
77.92	452.00
77.94	444.00
77.96	451.00
77.98	428.00
78	463.00
78.02	461.00
78.04	471.00
78.06	446.00
78.08	445.00
78.1	422.00
78.12	407.00
78.14	427.00
78.16	444.00
78.18	423.00
78.2	435.00
78.22	460.00
78.24	430.00
78.26	439.00
78.28	432.00
78.3	457.00
78.32	428.00
78.34	421.00
78.36	399.00
78.38	453.00
78.4	432.00
78.42	428.00
78.44	448.00
78.46	432.00
78.48	419.00
78.5	451.00
78.52	426.00
78.54	405.00
78.56	411.00
78.58	403.00
78.6	422.00
78.62	402.00
78.64	408.00
78.66	421.00
78.68	446.00
78.7	416.00
78.72	415.00
78.74	418.00
78.76	449.00
78.78	452.00
78.8	400.00
78.82	438.00
78.84	422.00
78.86	393.00
78.88	412.00
78.9	414.00
78.92	446.00
78.94	415.00
78.96	454.00
78.98	425.00
79	400.00
79.02	448.00
79.04	420.00
79.06	422.00
79.08	431.00
79.1	433.00
79.12	451.00
79.14	418.00
79.16	437.00
79.18	411.00
79.2	415.00
79.22	425.00
79.24	406.00
79.26	429.00
79.28	417.00
79.3	425.00
79.32	410.00
79.34	412.00
79.36	406.00
79.38	407.00
79.4	430.00
79.42	397.00
79.44	394.00
79.46	407.00
79.48	392.00
79.5	401.00
79.52	409.00
79.54	409.00
79.56	405.00
79.58	420.00
79.6	406.00
79.62	429.00
79.64	417.00
79.66	392.00
79.68	416.00
79.7	415.00
79.72	434.00
79.74	434.00
79.76	423.00
79.78	450.00
79.8	427.00
79.82	426.00
79.84	430.00
79.86	426.00
79.88	416.00
79.9	406.00
79.92	425.00
79.94	386.00
79.96	411.00
79.98	368.00
80	434.00
