20251215-CHY-I-001-f
Wavelength = 1.54059
5	354.00
5.02	392.00
5.04	380.00
5.06	361.00
5.08	410.00
5.1	363.00
5.12	353.00
5.14	344.00
5.16	380.00
5.18	377.00
5.2	361.00
5.22	345.00
5.24	330.00
5.26	373.00
5.28	392.00
5.3	358.00
5.32	385.00
5.34	362.00
5.36	359.00
5.38	385.00
5.4	389.00
5.42	373.00
5.44	369.00
5.46	400.00
5.48	385.00
5.5	372.00
5.52	403.00
5.54	372.00
5.56	365.00
5.58	371.00
5.6	390.00
5.62	379.00
5.64	395.00
5.66	377.00
5.68	373.00
5.7	378.00
5.72	385.00
5.74	375.00
5.76	398.00
5.78	367.00
5.8	407.00
5.82	392.00
5.84	417.00
5.86	385.00
5.88	390.00
5.9	371.00
5.92	399.00
5.94	409.00
5.96	411.00
5.98	408.00
6	390.00
6.02	390.00
6.04	384.00
6.06	394.00
6.08	418.00
6.1	427.00
6.12	407.00
6.14	459.00
6.16	401.00
6.18	420.00
6.2	415.00
6.22	404.00
6.24	422.00
6.26	400.00
6.28	410.00
6.3	408.00
6.32	394.00
6.34	417.00
6.36	435.00
6.38	446.00
6.4	428.00
6.42	416.00
6.44	419.00
6.46	459.00
6.48	426.00
6.5	446.00
6.52	446.00
6.54	441.00
6.56	439.00
6.58	418.00
6.6	432.00
6.62	422.00
6.64	394.00
6.66	417.00
6.68	422.00
6.7	449.00
6.72	411.00
6.74	429.00
6.76	409.00
6.78	433.00
6.8	462.00
6.82	440.00
6.84	422.00
6.86	421.00
6.88	455.00
6.9	450.00
6.92	452.00
6.94	427.00
6.96	431.00
6.98	442.00
7	431.00
7.02	435.00
7.04	474.00
7.06	462.00
7.08	449.00
7.1	462.00
7.12	422.00
7.14	436.00
7.16	431.00
7.18	466.00
7.2	453.00
7.22	491.00
7.24	445.00
7.26	448.00
7.28	427.00
7.3	451.00
7.32	449.00
7.34	470.00
7.36	450.00
7.38	465.00
7.4	488.00
7.42	484.00
7.44	464.00
7.46	454.00
7.48	462.00
7.5	447.00
7.52	452.00
7.54	472.00
7.56	485.00
7.58	448.00
7.6	433.00
7.62	462.00
7.64	447.00
7.66	473.00
7.68	448.00
7.7	463.00
7.72	446.00
7.74	465.00
7.76	466.00
7.78	508.00
7.8	513.00
7.82	477.00
7.84	488.00
7.86	470.00
7.88	470.00
7.9	476.00
7.92	505.00
7.94	480.00
7.96	548.00
7.98	505.00
8	485.00
8.02	493.00
8.04	489.00
8.06	504.00
8.08	450.00
8.1	480.00
8.12	505.00
8.14	524.00
8.16	495.00
8.18	500.00
8.2	519.00
8.22	502.00
8.24	499.00
8.26	504.00
8.28	524.00
8.3	480.00
8.32	501.00
8.34	515.00
8.36	503.00
8.38	485.00
8.4	500.00
8.42	538.00
8.44	530.00
8.46	503.00
8.48	506.00
8.5	499.00
8.52	562.00
8.54	533.00
8.56	502.00
8.58	538.00
8.6	506.00
8.62	535.00
8.64	531.00
8.66	523.00
8.68	537.00
8.7	515.00
8.72	480.00
8.74	511.00
8.76	510.00
8.78	543.00
8.8	563.00
8.82	536.00
8.84	540.00
8.86	559.00
8.88	501.00
8.9	531.00
8.92	542.00
8.94	519.00
8.96	523.00
8.98	556.00
9	545.00
9.02	506.00
9.04	538.00
9.06	544.00
9.08	553.00
9.1	552.00
9.12	549.00
9.14	565.00
9.16	520.00
9.18	531.00
9.2	586.00
9.22	541.00
9.24	519.00
9.26	523.00
9.28	524.00
9.3	576.00
9.32	569.00
9.34	614.00
9.36	564.00
9.38	544.00
9.4	542.00
9.42	533.00
9.44	551.00
9.46	554.00
9.48	570.00
9.5	564.00
9.52	561.00
9.54	546.00
9.56	576.00
9.58	569.00
9.6	583.00
9.62	555.00
9.64	550.00
9.66	573.00
9.68	589.00
9.7	531.00
9.72	569.00
9.74	600.00
9.76	569.00
9.78	550.00
9.8	556.00
9.82	584.00
9.84	604.00
9.86	514.00
9.88	556.00
9.9	589.00
9.92	583.00
9.94	571.00
9.96	606.00
9.98	600.00
10	588.00
10.02	606.00
10.04	599.00
10.06	585.00
10.08	574.00
10.1	574.00
10.12	614.00
10.14	580.00
10.16	602.00
10.18	604.00
10.2	572.00
10.22	591.00
10.24	579.00
10.26	589.00
10.28	595.00
10.3	605.00
10.32	605.00
10.34	624.00
10.36	604.00
10.38	622.00
10.4	623.00
10.42	607.00
10.44	623.00
10.46	591.00
10.48	655.00
10.5	620.00
10.52	619.00
10.54	597.00
10.56	623.00
10.58	613.00
10.6	570.00
10.62	600.00
10.64	638.00
10.66	655.00
10.68	614.00
10.7	619.00
10.72	600.00
10.74	639.00
10.76	607.00
10.78	619.00
10.8	629.00
10.82	641.00
10.84	635.00
10.86	619.00
10.88	645.00
10.9	613.00
10.92	647.00
10.94	615.00
10.96	637.00
10.98	624.00
11	664.00
11.02	610.00
11.04	620.00
11.06	620.00
11.08	629.00
11.1	650.00
11.12	626.00
11.14	650.00
11.16	638.00
11.18	653.00
11.2	634.00
11.22	627.00
11.24	634.00
11.26	668.00
11.28	678.00
11.3	675.00
11.32	661.00
11.34	668.00
11.36	636.00
11.38	646.00
11.4	679.00
11.42	713.00
11.44	649.00
11.46	638.00
11.48	649.00
11.5	671.00
11.52	646.00
11.54	657.00
11.56	625.00
11.58	646.00
11.6	693.00
11.62	660.00
11.64	637.00
11.66	673.00
11.68	683.00
11.7	666.00
11.72	667.00
11.74	640.00
11.76	663.00
11.78	683.00
11.8	683.00
11.82	684.00
11.84	650.00
11.86	674.00
11.88	723.00
11.9	693.00
11.92	664.00
11.94	695.00
11.96	697.00
11.98	754.00
12	699.00
12.02	685.00
12.04	711.00
12.06	675.00
12.08	679.00
12.1	749.00
12.12	675.00
12.14	723.00
12.16	720.00
12.18	710.00
12.2	700.00
12.22	672.00
12.24	703.00
12.26	743.00
12.28	684.00
12.3	698.00
12.32	689.00
12.34	720.00
12.36	715.00
12.38	718.00
12.4	736.00
12.42	672.00
12.44	699.00
12.46	736.00
12.48	690.00
12.5	717.00
12.52	695.00
12.54	713.00
12.56	731.00
12.58	703.00
12.6	729.00
12.62	709.00
12.64	730.00
12.66	736.00
12.68	706.00
12.7	725.00
12.72	767.00
12.74	750.00
12.76	697.00
12.78	719.00
12.8	726.00
12.82	692.00
12.84	731.00
12.86	776.00
12.88	750.00
12.9	719.00
12.92	697.00
12.94	747.00
12.96	770.00
12.98	706.00
13	744.00
13.02	777.00
13.04	709.00
13.06	692.00
13.08	767.00
13.1	727.00
13.12	768.00
13.14	777.00
13.16	774.00
13.18	736.00
13.2	763.00
13.22	713.00
13.24	777.00
13.26	762.00
13.28	763.00
13.3	765.00
13.32	767.00
13.34	768.00
13.36	800.00
13.38	783.00
13.4	823.00
13.42	798.00
13.44	757.00
13.46	781.00
13.48	773.00
13.5	798.00
13.52	808.00
13.54	778.00
13.56	778.00
13.58	758.00
13.6	794.00
13.62	790.00
13.64	795.00
13.66	786.00
13.68	774.00
13.7	737.00
13.72	766.00
13.74	796.00
13.76	787.00
13.78	817.00
13.8	778.00
13.82	773.00
13.84	788.00
13.86	834.00
13.88	801.00
13.9	807.00
13.92	865.00
13.94	818.00
13.96	816.00
13.98	831.00
14	863.00
14.02	832.00
14.04	792.00
14.06	848.00
14.08	832.00
14.1	814.00
14.12	807.00
14.14	818.00
14.16	850.00
14.18	819.00
14.2	812.00
14.22	793.00
14.24	850.00
14.26	855.00
14.28	845.00
14.3	851.00
14.32	798.00
14.34	850.00
14.36	824.00
14.38	889.00
14.4	848.00
14.42	843.00
14.44	866.00
14.46	884.00
14.48	899.00
14.5	861.00
14.52	824.00
14.54	873.00
14.56	873.00
14.58	851.00
14.6	843.00
14.62	822.00
14.64	908.00
14.66	863.00
14.68	909.00
14.7	868.00
14.72	809.00
14.74	795.00
14.76	910.00
14.78	846.00
14.8	841.00
14.82	847.00
14.84	866.00
14.86	900.00
14.88	882.00
14.9	884.00
14.92	857.00
14.94	867.00
14.96	898.00
14.98	890.00
15	899.00
15.02	924.00
15.04	910.00
15.06	935.00
15.08	874.00
15.1	905.00
15.12	883.00
15.14	834.00
15.16	864.00
15.18	918.00
15.2	939.00
15.22	882.00
15.24	918.00
15.26	899.00
15.28	919.00
15.3	937.00
15.32	906.00
15.34	898.00
15.36	919.00
15.38	911.00
15.4	930.00
15.42	909.00
15.44	931.00
15.46	871.00
15.48	923.00
15.5	955.00
15.52	958.00
15.54	965.00
15.56	975.00
15.58	879.00
15.6	904.00
15.62	955.00
15.64	969.00
15.66	948.00
15.68	953.00
15.7	931.00
15.72	910.00
15.74	958.00
15.76	933.00
15.78	954.00
15.8	968.00
15.82	978.00
15.84	996.00
15.86	987.00
15.88	982.00
15.9	968.00
15.92	980.00
15.94	980.00
15.96	937.00
15.98	1027.00
16	949.00
16.02	957.00
16.04	975.00
16.06	975.00
16.08	997.00
16.1	998.00
16.12	999.00
16.14	1023.00
16.16	987.00
16.18	989.00
16.2	997.00
16.22	983.00
16.24	995.00
16.26	1030.00
16.28	1007.00
16.3	1037.00
16.32	1004.00
16.34	1069.00
16.36	1051.00
16.38	1023.00
16.4	1035.00
16.42	981.00
16.44	1022.00
16.46	1040.00
16.48	1055.00
16.5	1010.00
16.52	1023.00
16.54	1040.00
16.56	1039.00
16.58	993.00
16.6	1032.00
16.62	1066.00
16.64	1062.00
16.66	1066.00
16.68	1024.00
16.7	1036.00
16.72	1032.00
16.74	1049.00
16.76	1087.00
16.78	1023.00
16.8	1073.00
16.82	1070.00
16.84	1068.00
16.86	1057.00
16.88	1031.00
16.9	1063.00
16.92	1088.00
16.94	1119.00
16.96	1078.00
16.98	1116.00
17	1043.00
17.02	1101.00
17.04	1020.00
17.06	1084.00
17.08	1105.00
17.1	1052.00
17.12	1063.00
17.14	1090.00
17.16	1144.00
17.18	1068.00
17.2	1134.00
17.22	1118.00
17.24	1080.00
17.26	1087.00
17.28	1084.00
17.3	1060.00
17.32	1127.00
17.34	1073.00
17.36	1048.00
17.38	1116.00
17.4	1068.00
17.42	1084.00
17.44	1111.00
17.46	1119.00
17.48	1102.00
17.5	1051.00
17.52	1123.00
17.54	1110.00
17.56	1062.00
17.58	1053.00
17.6	1169.00
17.62	1167.00
17.64	1130.00
17.66	1168.00
17.68	1138.00
17.7	1191.00
17.72	1159.00
17.74	1096.00
17.76	1112.00
17.78	1130.00
17.8	1100.00
17.82	1164.00
17.84	1144.00
17.86	1141.00
17.88	1096.00
17.9	1158.00
17.92	1130.00
17.94	1187.00
17.96	1161.00
17.98	1163.00
18	1134.00
18.02	1143.00
18.04	1109.00
18.06	1152.00
18.08	1184.00
18.1	1170.00
18.12	1169.00
18.14	1157.00
18.16	1133.00
18.18	1159.00
18.2	1158.00
18.22	1202.00
18.24	1134.00
18.26	1174.00
18.28	1104.00
18.3	1200.00
18.32	1177.00
18.34	1112.00
18.36	1128.00
18.38	1154.00
18.4	1143.00
18.42	1208.00
18.44	1165.00
18.46	1127.00
18.48	1196.00
18.5	1163.00
18.52	1188.00
18.54	1217.00
18.56	1125.00
18.58	1167.00
18.6	1171.00
18.62	1211.00
18.64	1150.00
18.66	1184.00
18.68	1190.00
18.7	1169.00
18.72	1207.00
18.74	1161.00
18.76	1126.00
18.78	1162.00
18.8	1136.00
18.82	1236.00
18.84	1174.00
18.86	1179.00
18.88	1142.00
18.9	1158.00
18.92	1188.00
18.94	1195.00
18.96	1180.00
18.98	1177.00
19	1157.00
19.02	1145.00
19.04	1120.00
19.06	1117.00
19.08	1173.00
19.1	1144.00
19.12	1164.00
19.14	1120.00
19.16	1146.00
19.18	1184.00
19.2	1171.00
19.22	1162.00
19.24	1154.00
19.26	1127.00
19.28	1185.00
19.3	1131.00
19.32	1072.00
19.34	1208.00
19.36	1170.00
19.38	1196.00
19.4	1082.00
19.42	1145.00
19.44	1169.00
19.46	1188.00
19.48	1130.00
19.5	1125.00
19.52	1111.00
19.54	1113.00
19.56	1159.00
19.58	1112.00
19.6	1091.00
19.62	1084.00
19.64	1120.00
19.66	1122.00
19.68	1106.00
19.7	1071.00
19.72	1080.00
19.74	1120.00
19.76	1158.00
19.78	1148.00
19.8	1131.00
19.82	1127.00
19.84	1108.00
19.86	1092.00
19.88	1143.00
19.9	1166.00
19.92	1061.00
19.94	1129.00
19.96	1161.00
19.98	1106.00
20	1066.00
20.02	1153.00
20.04	1119.00
20.06	1086.00
20.08	1116.00
20.1	1083.00
20.12	1127.00
20.14	1108.00
20.16	1044.00
20.18	1056.00
20.2	1118.00
20.22	1067.00
20.24	1116.00
20.26	1052.00
20.28	1070.00
20.3	1025.00
20.32	1111.00
20.34	1041.00
20.36	1041.00
20.38	1062.00
20.4	1079.00
20.42	1079.00
20.44	1025.00
20.46	1055.00
20.48	1047.00
20.5	1043.00
20.52	1052.00
20.54	1019.00
20.56	1012.00
20.58	1043.00
20.6	1042.00
20.62	1040.00
20.64	1068.00
20.66	1109.00
20.68	1057.00
20.7	1048.00
20.72	1060.00
20.74	1068.00
20.76	1024.00
20.78	1024.00
20.8	1028.00
20.82	1010.00
20.84	1011.00
20.86	1081.00
20.88	1016.00
20.9	1025.00
20.92	1001.00
20.94	1009.00
20.96	1013.00
20.98	1036.00
21	1019.00
21.02	999.00
21.04	1021.00
21.06	1037.00
21.08	986.00
21.1	994.00
21.12	982.00
21.14	1012.00
21.16	995.00
21.18	992.00
21.2	1021.00
21.22	1047.00
21.24	1023.00
21.26	1003.00
21.28	1031.00
21.3	1036.00
21.32	1047.00
21.34	1018.00
21.36	1051.00
21.38	1035.00
21.4	1066.00
21.42	1082.00
21.44	1088.00
21.46	1082.00
21.48	1067.00
21.5	1096.00
21.52	1029.00
21.54	1010.00
21.56	987.00
21.58	952.00
21.6	960.00
21.62	968.00
21.64	962.00
21.66	926.00
21.68	944.00
21.7	932.00
21.72	946.00
21.74	963.00
21.76	913.00
21.78	960.00
21.8	965.00
21.82	983.00
21.84	921.00
21.86	992.00
21.88	987.00
21.9	974.00
21.92	974.00
21.94	939.00
21.96	929.00
21.98	908.00
22	911.00
22.02	919.00
22.04	965.00
22.06	924.00
22.08	938.00
22.1	931.00
22.12	939.00
22.14	949.00
22.16	924.00
22.18	872.00
22.2	898.00
22.22	908.00
22.24	875.00
22.26	891.00
22.28	873.00
22.3	823.00
22.32	897.00
22.34	898.00
22.36	903.00
22.38	886.00
22.4	915.00
22.42	883.00
22.44	904.00
22.46	908.00
22.48	938.00
22.5	905.00
22.52	912.00
22.54	864.00
22.56	887.00
22.58	889.00
22.6	873.00
22.62	874.00
22.64	865.00
22.66	872.00
22.68	870.00
22.7	903.00
22.72	875.00
22.74	868.00
22.76	909.00
22.78	853.00
22.8	845.00
22.82	866.00
22.84	895.00
22.86	895.00
22.88	858.00
22.9	863.00
22.92	856.00
22.94	887.00
22.96	886.00
22.98	784.00
23	853.00
23.02	851.00
23.04	837.00
23.06	906.00
23.08	845.00
23.1	831.00
23.12	837.00
23.14	821.00
23.16	867.00
23.18	840.00
23.2	821.00
23.22	828.00
23.24	829.00
23.26	838.00
23.28	845.00
23.3	866.00
23.32	846.00
23.34	838.00
23.36	824.00
23.38	792.00
23.4	884.00
23.42	842.00
23.44	848.00
23.46	851.00
23.48	847.00
23.5	755.00
23.52	818.00
23.54	818.00
23.56	765.00
23.58	783.00
23.6	848.00
23.62	805.00
23.64	836.00
23.66	852.00
23.68	813.00
23.7	845.00
23.72	876.00
23.74	840.00
23.76	823.00
23.78	870.00
23.8	812.00
23.82	831.00
23.84	804.00
23.86	781.00
23.88	784.00
23.9	795.00
23.92	795.00
23.94	782.00
23.96	745.00
23.98	830.00
24	782.00
24.02	766.00
24.04	775.00
24.06	785.00
24.08	799.00
24.1	816.00
24.12	769.00
24.14	738.00
24.16	769.00
24.18	763.00
24.2	778.00
24.22	765.00
24.24	816.00
24.26	772.00
24.28	775.00
24.3	763.00
24.32	795.00
24.34	765.00
24.36	813.00
24.38	778.00
24.4	787.00
24.42	815.00
24.44	796.00
24.46	817.00
24.48	784.00
24.5	793.00
24.52	786.00
24.54	857.00
24.56	791.00
24.58	800.00
24.6	829.00
24.62	817.00
24.64	809.00
24.66	802.00
24.68	819.00
24.7	781.00
24.72	839.00
24.74	829.00
24.76	788.00
24.78	787.00
24.8	848.00
24.82	832.00
24.84	851.00
24.86	851.00
24.88	918.00
24.9	930.00
24.92	877.00
24.94	940.00
24.96	1015.00
24.98	1125.00
25	1153.00
25.02	1274.00
25.04	1490.00
25.06	1603.00
25.08	1837.00
25.1	2037.00
25.12	2244.00
25.14	2580.00
25.16	2782.00
25.18	3107.00
25.2	3151.00
25.22	3305.00
25.24	3387.00
25.26	3491.00
25.28	3573.00
25.3	3470.00
25.32	3360.00
25.34	3091.00
25.36	3046.00
25.38	2743.00
25.4	2581.00
25.42	2385.00
25.44	2161.00
25.46	1964.00
25.48	1811.00
25.5	1735.00
25.52	1514.00
25.54	1322.00
25.56	1169.00
25.58	1086.00
25.6	976.00
25.62	909.00
25.64	832.00
25.66	793.00
25.68	794.00
25.7	838.00
25.72	801.00
25.74	799.00
25.76	772.00
25.78	769.00
25.8	767.00
25.82	780.00
25.84	712.00
25.86	752.00
25.88	751.00
25.9	739.00
25.92	761.00
25.94	709.00
25.96	775.00
25.98	735.00
26	761.00
26.02	732.00
26.04	690.00
26.06	713.00
26.08	712.00
26.1	710.00
26.12	718.00
26.14	674.00
26.16	722.00
26.18	736.00
26.2	710.00
26.22	684.00
26.24	690.00
26.26	688.00
26.28	744.00
26.3	731.00
26.32	768.00
26.34	712.00
26.36	693.00
26.38	701.00
26.4	687.00
26.42	703.00
26.44	708.00
26.46	710.00
26.48	690.00
26.5	743.00
26.52	683.00
26.54	679.00
26.56	725.00
26.58	713.00
26.6	701.00
26.62	672.00
26.64	664.00
26.66	686.00
26.68	693.00
26.7	682.00
26.72	701.00
26.74	640.00
26.76	669.00
26.78	672.00
26.8	712.00
26.82	679.00
26.84	642.00
26.86	694.00
26.88	635.00
26.9	678.00
26.92	671.00
26.94	632.00
26.96	659.00
26.98	693.00
27	631.00
27.02	670.00
27.04	707.00
27.06	692.00
27.08	703.00
27.1	704.00
27.12	662.00
27.14	676.00
27.16	660.00
27.18	678.00
27.2	668.00
27.22	664.00
27.24	642.00
27.26	679.00
27.28	629.00
27.3	647.00
27.32	645.00
27.34	673.00
27.36	671.00
27.38	666.00
27.4	710.00
27.42	680.00
27.44	622.00
27.46	616.00
27.48	658.00
27.5	629.00
27.52	634.00
27.54	651.00
27.56	652.00
27.58	653.00
27.6	675.00
27.62	643.00
27.64	641.00
27.66	725.00
27.68	657.00
27.7	605.00
27.72	620.00
27.74	661.00
27.76	623.00
27.78	653.00
27.8	646.00
27.82	649.00
27.84	637.00
27.86	657.00
27.88	610.00
27.9	633.00
27.92	644.00
27.94	661.00
27.96	632.00
27.98	670.00
28	658.00
28.02	646.00
28.04	661.00
28.06	636.00
28.08	667.00
28.1	655.00
28.12	636.00
28.14	678.00
28.16	635.00
28.18	658.00
28.2	620.00
28.22	622.00
28.24	660.00
28.26	606.00
28.28	636.00
28.3	616.00
28.32	649.00
28.34	621.00
28.36	670.00
28.38	663.00
28.4	622.00
28.42	619.00
28.44	633.00
28.46	620.00
28.48	638.00
28.5	626.00
28.52	601.00
28.54	629.00
28.56	598.00
28.58	610.00
28.6	643.00
28.62	665.00
28.64	618.00
28.66	628.00
28.68	614.00
28.7	633.00
28.72	571.00
28.74	627.00
28.76	653.00
28.78	637.00
28.8	653.00
28.82	606.00
28.84	642.00
28.86	645.00
28.88	625.00
28.9	668.00
28.92	623.00
28.94	656.00
28.96	617.00
28.98	658.00
29	654.00
29.02	678.00
29.04	717.00
29.06	773.00
29.08	722.00
29.1	771.00
29.12	757.00
29.14	756.00
29.16	756.00
29.18	718.00
29.2	729.00
29.22	775.00
29.24	759.00
29.26	726.00
29.28	711.00
29.3	688.00
29.32	686.00
29.34	667.00
29.36	688.00
29.38	676.00
29.4	663.00
29.42	668.00
29.44	650.00
29.46	641.00
29.48	634.00
29.5	627.00
29.52	659.00
29.54	634.00
29.56	633.00
29.58	636.00
29.6	620.00
29.62	650.00
29.64	636.00
29.66	638.00
29.68	637.00
29.7	607.00
29.72	619.00
29.74	599.00
29.76	629.00
29.78	607.00
29.8	590.00
29.82	617.00
29.84	601.00
29.86	607.00
29.88	636.00
29.9	586.00
29.92	552.00
29.94	582.00
29.96	581.00
29.98	592.00
30	632.00
30.02	535.00
30.04	610.00
30.06	592.00
30.08	585.00
30.1	598.00
30.12	612.00
30.14	572.00
30.16	586.00
30.18	616.00
30.2	580.00
30.22	593.00
30.24	612.00
30.26	575.00
30.28	577.00
30.3	599.00
30.32	575.00
30.34	568.00
30.36	537.00
30.38	609.00
30.4	565.00
30.42	594.00
30.44	560.00
30.46	561.00
30.48	587.00
30.5	552.00
30.52	562.00
30.54	583.00
30.56	581.00
30.58	570.00
30.6	575.00
30.62	565.00
30.64	605.00
30.66	562.00
30.68	630.00
30.7	570.00
30.72	554.00
30.74	563.00
30.76	578.00
30.78	598.00
30.8	589.00
30.82	565.00
30.84	606.00
30.86	589.00
30.88	566.00
30.9	612.00
30.92	593.00
30.94	565.00
30.96	587.00
30.98	588.00
31	580.00
31.02	584.00
31.04	563.00
31.06	566.00
31.08	571.00
31.1	560.00
31.12	516.00
31.14	597.00
31.16	535.00
31.18	582.00
31.2	587.00
31.22	561.00
31.24	570.00
31.26	585.00
31.28	627.00
31.3	594.00
31.32	607.00
31.34	556.00
31.36	565.00
31.38	620.00
31.4	595.00
31.42	562.00
31.44	551.00
31.46	519.00
31.48	582.00
31.5	557.00
31.52	560.00
31.54	605.00
31.56	556.00
31.58	566.00
31.6	616.00
31.62	588.00
31.64	572.00
31.66	553.00
31.68	530.00
31.7	565.00
31.72	565.00
31.74	555.00
31.76	566.00
31.78	551.00
31.8	585.00
31.82	542.00
31.84	559.00
31.86	506.00
31.88	557.00
31.9	579.00
31.92	584.00
31.94	565.00
31.96	549.00
31.98	547.00
32	568.00
32.02	557.00
32.04	516.00
32.06	545.00
32.08	532.00
32.1	560.00
32.12	568.00
32.14	578.00
32.16	554.00
32.18	547.00
32.2	567.00
32.22	564.00
32.24	525.00
32.26	548.00
32.28	572.00
32.3	547.00
32.32	625.00
32.34	551.00
32.36	589.00
32.38	551.00
32.4	594.00
32.42	530.00
32.44	543.00
32.46	557.00
32.48	572.00
32.5	549.00
32.52	556.00
32.54	548.00
32.56	589.00
32.58	578.00
32.6	564.00
32.62	557.00
32.64	531.00
32.66	550.00
32.68	559.00
32.7	574.00
32.72	524.00
32.74	524.00
32.76	535.00
32.78	562.00
32.8	582.00
32.82	558.00
32.84	537.00
32.86	528.00
32.88	540.00
32.9	564.00
32.92	556.00
32.94	568.00
32.96	568.00
32.98	558.00
33	551.00
33.02	532.00
33.04	571.00
33.06	518.00
33.08	521.00
33.1	526.00
33.12	558.00
33.14	496.00
33.16	507.00
33.18	509.00
33.2	544.00
33.22	589.00
33.24	563.00
33.26	561.00
33.28	540.00
33.3	549.00
33.32	542.00
33.34	554.00
33.36	528.00
33.38	553.00
33.4	558.00
33.42	556.00
33.44	544.00
33.46	546.00
33.48	586.00
33.5	543.00
33.52	586.00
33.54	559.00
33.56	548.00
33.58	571.00
33.6	541.00
33.62	565.00
33.64	567.00
33.66	535.00
33.68	546.00
33.7	564.00
33.72	560.00
33.74	543.00
33.76	523.00
33.78	518.00
33.8	537.00
33.82	550.00
33.84	547.00
33.86	531.00
33.88	503.00
33.9	505.00
33.92	521.00
33.94	521.00
33.96	546.00
33.98	552.00
34	517.00
34.02	533.00
34.04	535.00
34.06	544.00
34.08	535.00
34.1	541.00
34.12	509.00
34.14	523.00
34.16	537.00
34.18	563.00
34.2	498.00
34.22	558.00
34.24	491.00
34.26	523.00
34.28	532.00
34.3	544.00
34.32	547.00
34.34	561.00
34.36	495.00
34.38	537.00
34.4	573.00
34.42	532.00
34.44	555.00
34.46	547.00
34.48	530.00
34.5	532.00
34.52	558.00
34.54	549.00
34.56	528.00
34.58	525.00
34.6	527.00
34.62	535.00
34.64	532.00
34.66	527.00
34.68	542.00
34.7	564.00
34.72	536.00
34.74	510.00
34.76	527.00
34.78	553.00
34.8	522.00
34.82	538.00
34.84	529.00
34.86	556.00
34.88	522.00
34.9	545.00
34.92	524.00
34.94	505.00
34.96	527.00
34.98	528.00
35	534.00
35.02	529.00
35.04	533.00
35.06	545.00
35.08	565.00
35.1	527.00
35.12	512.00
35.14	570.00
35.16	563.00
35.18	485.00
35.2	497.00
35.22	532.00
35.24	567.00
35.26	510.00
35.28	529.00
35.3	508.00
35.32	511.00
35.34	533.00
35.36	576.00
35.38	539.00
35.4	550.00
35.42	511.00
35.44	510.00
35.46	532.00
35.48	516.00
35.5	531.00
35.52	531.00
35.54	554.00
35.56	549.00
35.58	486.00
35.6	529.00
35.62	525.00
35.64	532.00
35.66	529.00
35.68	535.00
35.7	495.00
35.72	498.00
35.74	548.00
35.76	494.00
35.78	521.00
35.8	508.00
35.82	532.00
35.84	532.00
35.86	474.00
35.88	472.00
35.9	567.00
35.92	518.00
35.94	545.00
35.96	517.00
35.98	481.00
36	533.00
36.02	528.00
36.04	524.00
36.06	534.00
36.08	518.00
36.1	521.00
36.12	498.00
36.14	531.00
36.16	529.00
36.18	538.00
36.2	527.00
36.22	468.00
36.24	536.00
36.26	547.00
36.28	527.00
36.3	512.00
36.32	499.00
36.34	523.00
36.36	511.00
36.38	509.00
36.4	560.00
36.42	508.00
36.44	560.00
36.46	508.00
36.48	489.00
36.5	560.00
36.52	527.00
36.54	495.00
36.56	514.00
36.58	501.00
36.6	497.00
36.62	520.00
36.64	554.00
36.66	515.00
36.68	514.00
36.7	521.00
36.72	518.00
36.74	545.00
36.76	507.00
36.78	573.00
36.8	518.00
36.82	549.00
36.84	532.00
36.86	516.00
36.88	516.00
36.9	552.00
36.92	515.00
36.94	535.00
36.96	529.00
36.98	507.00
37	512.00
37.02	537.00
37.04	526.00
37.06	528.00
37.08	530.00
37.1	569.00
37.12	494.00
37.14	503.00
37.16	504.00
37.18	502.00
37.2	557.00
37.22	550.00
37.24	522.00
37.26	488.00
37.28	497.00
37.3	537.00
37.32	536.00
37.34	551.00
37.36	500.00
37.38	505.00
37.4	551.00
37.42	536.00
37.44	532.00
37.46	517.00
37.48	514.00
37.5	517.00
37.52	544.00
37.54	523.00
37.56	510.00
37.58	478.00
37.6	506.00
37.62	510.00
37.64	513.00
37.66	534.00
37.68	526.00
37.7	514.00
37.72	497.00
37.74	538.00
37.76	534.00
37.78	538.00
37.8	503.00
37.82	515.00
37.84	494.00
37.86	508.00
37.88	499.00
37.9	499.00
37.92	531.00
37.94	547.00
37.96	530.00
37.98	529.00
38	540.00
38.02	507.00
38.04	526.00
38.06	491.00
38.08	519.00
38.1	525.00
38.12	489.00
38.14	510.00
38.16	542.00
38.18	543.00
38.2	523.00
38.22	522.00
38.24	476.00
38.26	477.00
38.28	514.00
38.3	559.00
38.32	522.00
38.34	500.00
38.36	501.00
38.38	537.00
38.4	496.00
38.42	506.00
38.44	493.00
38.46	524.00
38.48	489.00
38.5	505.00
38.52	502.00
38.54	501.00
38.56	537.00
38.58	499.00
38.6	512.00
38.62	502.00
38.64	535.00
38.66	545.00
38.68	530.00
38.7	557.00
38.72	548.00
38.74	542.00
38.76	519.00
38.78	503.00
38.8	468.00
38.82	506.00
38.84	527.00
38.86	484.00
38.88	522.00
38.9	502.00
38.92	481.00
38.94	504.00
38.96	517.00
38.98	515.00
39	528.00
39.02	496.00
39.04	500.00
39.06	519.00
39.08	513.00
39.1	505.00
39.12	488.00
39.14	548.00
39.16	502.00
39.18	501.00
39.2	517.00
39.22	526.00
39.24	506.00
39.26	508.00
39.28	505.00
39.3	511.00
39.32	517.00
39.34	545.00
39.36	525.00
39.38	521.00
39.4	485.00
39.42	511.00
39.44	476.00
39.46	487.00
39.48	526.00
39.5	532.00
39.52	556.00
39.54	524.00
39.56	535.00
39.58	519.00
39.6	552.00
39.62	550.00
39.64	528.00
39.66	487.00
39.68	565.00
39.7	526.00
39.72	549.00
39.74	542.00
39.76	530.00
39.78	523.00
39.8	526.00
39.82	544.00
39.84	496.00
39.86	532.00
39.88	521.00
39.9	526.00
39.92	499.00
39.94	541.00
39.96	544.00
39.98	521.00
40	534.00
40.02	539.00
40.04	529.00
40.06	549.00
40.08	537.00
40.1	526.00
40.12	528.00
40.14	522.00
40.16	540.00
40.18	522.00
40.2	548.00
40.22	550.00
40.24	499.00
40.26	501.00
40.28	520.00
40.3	537.00
40.32	577.00
40.34	544.00
40.36	541.00
40.38	516.00
40.4	493.00
40.42	558.00
40.44	531.00
40.46	497.00
40.48	534.00
40.5	520.00
40.52	571.00
40.54	534.00
40.56	560.00
40.58	562.00
40.6	583.00
40.62	577.00
40.64	531.00
40.66	550.00
40.68	569.00
40.7	521.00
40.72	569.00
40.74	594.00
40.76	568.00
40.78	562.00
40.8	532.00
40.82	537.00
40.84	535.00
40.86	567.00
40.88	564.00
40.9	574.00
40.92	578.00
40.94	606.00
40.96	577.00
40.98	546.00
41	559.00
41.02	602.00
41.04	575.00
41.06	561.00
41.08	523.00
41.1	571.00
41.12	556.00
41.14	598.00
41.16	624.00
41.18	591.00
41.2	584.00
41.22	591.00
41.24	636.00
41.26	642.00
41.28	687.00
41.3	704.00
41.32	713.00
41.34	759.00
41.36	758.00
41.38	830.00
41.4	898.00
41.42	946.00
41.44	981.00
41.46	1076.00
41.48	1205.00
41.5	1273.00
41.52	1441.00
41.54	1542.00
41.56	1732.00
41.58	1799.00
41.6	1957.00
41.62	2155.00
41.64	2271.00
41.66	2494.00
41.68	2644.00
41.7	2685.00
41.72	2834.00
41.74	2935.00
41.76	3153.00
41.78	3118.00
41.8	3182.00
41.82	3333.00
41.84	3354.00
41.86	3264.00
41.88	3330.00
41.9	3335.00
41.92	3294.00
41.94	3143.00
41.96	3123.00
41.98	3013.00
42	2983.00
42.02	2876.00
42.04	2740.00
42.06	2655.00
42.08	2528.00
42.1	2343.00
42.12	2177.00
42.14	1956.00
42.16	1839.00
42.18	1596.00
42.2	1421.00
42.22	1284.00
42.24	1155.00
42.26	1037.00
42.28	929.00
42.3	846.00
42.32	789.00
42.34	709.00
42.36	660.00
42.38	635.00
42.4	604.00
42.42	626.00
42.44	606.00
42.46	596.00
42.48	572.00
42.5	582.00
42.52	574.00
42.54	577.00
42.56	540.00
42.58	556.00
42.6	576.00
42.62	549.00
42.64	577.00
42.66	540.00
42.68	536.00
42.7	576.00
42.72	522.00
42.74	551.00
42.76	522.00
42.78	556.00
42.8	540.00
42.82	519.00
42.84	516.00
42.86	554.00
42.88	564.00
42.9	556.00
42.92	530.00
42.94	554.00
42.96	557.00
42.98	556.00
43	527.00
43.02	563.00
43.04	564.00
43.06	526.00
43.08	525.00
43.1	490.00
43.12	468.00
43.14	541.00
43.16	528.00
43.18	481.00
43.2	490.00
43.22	512.00
43.24	529.00
43.26	514.00
43.28	506.00
43.3	548.00
43.32	574.00
43.34	561.00
43.36	554.00
43.38	536.00
43.4	526.00
43.42	518.00
43.44	576.00
43.46	532.00
43.48	520.00
43.5	543.00
43.52	556.00
43.54	535.00
43.56	527.00
43.58	513.00
43.6	511.00
43.62	498.00
43.64	502.00
43.66	485.00
43.68	505.00
43.7	495.00
43.72	497.00
43.74	516.00
43.76	511.00
43.78	526.00
43.8	523.00
43.82	536.00
43.84	523.00
43.86	495.00
43.88	554.00
43.9	550.00
43.92	496.00
43.94	536.00
43.96	529.00
43.98	529.00
44	530.00
44.02	532.00
44.04	520.00
44.06	482.00
44.08	528.00
44.1	492.00
44.12	512.00
44.14	458.00
44.16	523.00
44.18	556.00
44.2	512.00
44.22	500.00
44.24	527.00
44.26	538.00
44.28	527.00
44.3	491.00
44.32	494.00
44.34	526.00
44.36	540.00
44.38	535.00
44.4	487.00
44.42	513.00
44.44	537.00
44.46	537.00
44.48	520.00
44.5	511.00
44.52	535.00
44.54	486.00
44.56	509.00
44.58	503.00
44.6	543.00
44.62	577.00
44.64	541.00
44.66	526.00
44.68	515.00
44.7	525.00
44.72	525.00
44.74	501.00
44.76	538.00
44.78	539.00
44.8	524.00
44.82	472.00
44.84	470.00
44.86	480.00
44.88	510.00
44.9	506.00
44.92	517.00
44.94	486.00
44.96	518.00
44.98	514.00
45	469.00
45.02	510.00
45.04	507.00
45.06	486.00
45.08	523.00
45.1	529.00
45.12	509.00
45.14	480.00
45.16	493.00
45.18	528.00
45.2	534.00
45.22	475.00
45.24	510.00
45.26	547.00
45.28	493.00
45.3	498.00
45.32	491.00
45.34	522.00
45.36	499.00
45.38	506.00
45.4	504.00
45.42	504.00
45.44	520.00
45.46	497.00
45.48	531.00
45.5	526.00
45.52	500.00
45.54	492.00
45.56	479.00
45.58	534.00
45.6	526.00
45.62	483.00
45.64	455.00
45.66	499.00
45.68	507.00
45.7	513.00
45.72	512.00
45.74	513.00
45.76	480.00
45.78	493.00
45.8	496.00
45.82	494.00
45.84	502.00
45.86	507.00
45.88	505.00
45.9	466.00
45.92	505.00
45.94	499.00
45.96	536.00
45.98	521.00
46	516.00
46.02	492.00
46.04	476.00
46.06	471.00
46.08	545.00
46.1	518.00
46.12	491.00
46.14	529.00
46.16	511.00
46.18	513.00
46.2	547.00
46.22	496.00
46.24	503.00
46.26	516.00
46.28	507.00
46.3	451.00
46.32	487.00
46.34	469.00
46.36	462.00
46.38	473.00
46.4	474.00
46.42	491.00
46.44	518.00
46.46	469.00
46.48	484.00
46.5	488.00
46.52	494.00
46.54	510.00
46.56	515.00
46.58	506.00
46.6	483.00
46.62	536.00
46.64	510.00
46.66	481.00
46.68	493.00
46.7	490.00
46.72	513.00
46.74	524.00
46.76	517.00
46.78	434.00
46.8	482.00
46.82	492.00
46.84	472.00
46.86	481.00
46.88	455.00
46.9	479.00
46.92	496.00
46.94	510.00
46.96	485.00
46.98	466.00
47	479.00
47.02	494.00
47.04	461.00
47.06	448.00
47.08	499.00
47.1	484.00
47.12	434.00
47.14	473.00
47.16	524.00
47.18	549.00
47.2	506.00
47.22	511.00
47.24	464.00
47.26	507.00
47.28	500.00
47.3	476.00
47.32	484.00
47.34	473.00
47.36	469.00
47.38	492.00
47.4	531.00
47.42	492.00
47.44	475.00
47.46	478.00
47.48	484.00
47.5	501.00
47.52	493.00
47.54	531.00
47.56	515.00
47.58	509.00
47.6	471.00
47.62	523.00
47.64	536.00
47.66	473.00
47.68	531.00
47.7	481.00
47.72	475.00
47.74	460.00
47.76	486.00
47.78	474.00
47.8	494.00
47.82	497.00
47.84	517.00
47.86	500.00
47.88	497.00
47.9	502.00
47.92	504.00
47.94	519.00
47.96	502.00
47.98	512.00
48	529.00
48.02	536.00
48.04	509.00
48.06	511.00
48.08	496.00
48.1	511.00
48.12	530.00
48.14	521.00
48.16	492.00
48.18	512.00
48.2	532.00
48.22	522.00
48.24	512.00
48.26	493.00
48.28	503.00
48.3	500.00
48.32	524.00
48.34	503.00
48.36	490.00
48.38	499.00
48.4	504.00
48.42	523.00
48.44	539.00
48.46	500.00
48.48	550.00
48.5	497.00
48.52	512.00
48.54	546.00
48.56	537.00
48.58	520.00
48.6	527.00
48.62	516.00
48.64	509.00
48.66	539.00
48.68	531.00
48.7	520.00
48.72	535.00
48.74	583.00
48.76	566.00
48.78	584.00
48.8	556.00
48.82	555.00
48.84	583.00
48.86	614.00
48.88	635.00
48.9	649.00
48.92	631.00
48.94	635.00
48.96	697.00
48.98	737.00
49	728.00
49.02	739.00
49.04	827.00
49.06	864.00
49.08	919.00
49.1	972.00
49.12	1052.00
49.14	1061.00
49.16	1139.00
49.18	1237.00
49.2	1289.00
49.22	1371.00
49.24	1444.00
49.26	1456.00
49.28	1556.00
49.3	1719.00
49.32	1730.00
49.34	1831.00
49.36	1841.00
49.38	1857.00
49.4	1935.00
49.42	2030.00
49.44	2060.00
49.46	2089.00
49.48	2139.00
49.5	2049.00
49.52	2129.00
49.54	2138.00
49.56	2026.00
49.58	2045.00
49.6	1996.00
49.62	1912.00
49.64	1827.00
49.66	1706.00
49.68	1686.00
49.7	1562.00
49.72	1569.00
49.74	1415.00
49.76	1435.00
49.78	1346.00
49.8	1333.00
49.82	1259.00
49.84	1298.00
49.86	1187.00
49.88	1147.00
49.9	1196.00
49.92	1088.00
49.94	1065.00
49.96	1018.00
49.98	978.00
50	949.00
50.02	865.00
50.04	861.00
50.06	818.00
50.08	737.00
50.1	718.00
50.12	644.00
50.14	657.00
50.16	622.00
50.18	648.00
50.2	599.00
50.22	521.00
50.24	547.00
50.26	549.00
50.28	554.00
50.3	531.00
50.32	508.00
50.34	541.00
50.36	526.00
50.38	519.00
50.4	528.00
50.42	485.00
50.44	507.00
50.46	459.00
50.48	508.00
50.5	516.00
50.52	540.00
50.54	496.00
50.56	492.00
50.58	452.00
50.6	526.00
50.62	530.00
50.64	507.00
50.66	489.00
50.68	504.00
50.7	480.00
50.72	514.00
50.74	466.00
50.76	469.00
50.78	468.00
50.8	490.00
50.82	468.00
50.84	470.00
50.86	495.00
50.88	494.00
50.9	489.00
50.92	482.00
50.94	512.00
50.96	492.00
50.98	459.00
51	472.00
51.02	494.00
51.04	485.00
51.06	501.00
51.08	479.00
51.1	491.00
51.12	492.00
51.14	473.00
51.16	493.00
51.18	499.00
51.2	454.00
51.22	489.00
51.24	529.00
51.26	487.00
51.28	489.00
51.3	495.00
51.32	484.00
51.34	490.00
51.36	461.00
51.38	464.00
51.4	493.00
51.42	473.00
51.44	512.00
51.46	502.00
51.48	494.00
51.5	492.00
51.52	491.00
51.54	486.00
51.56	495.00
51.58	475.00
51.6	483.00
51.62	502.00
51.64	475.00
51.66	505.00
51.68	536.00
51.7	546.00
51.72	535.00
51.74	498.00
51.76	508.00
51.78	553.00
51.8	502.00
51.82	519.00
51.84	478.00
51.86	475.00
51.88	509.00
51.9	521.00
51.92	533.00
51.94	529.00
51.96	498.00
51.98	498.00
52	501.00
52.02	506.00
52.04	532.00
52.06	501.00
52.08	533.00
52.1	498.00
52.12	525.00
52.14	525.00
52.16	490.00
52.18	486.00
52.2	537.00
52.22	512.00
52.24	494.00
52.26	500.00
52.28	480.00
52.3	470.00
52.32	504.00
52.34	485.00
52.36	484.00
52.38	484.00
52.4	478.00
52.42	484.00
52.44	457.00
52.46	479.00
52.48	468.00
52.5	470.00
52.52	482.00
52.54	452.00
52.56	487.00
52.58	495.00
52.6	503.00
52.62	486.00
52.64	465.00
52.66	445.00
52.68	472.00
52.7	503.00
52.72	509.00
52.74	454.00
52.76	464.00
52.78	498.00
52.8	498.00
52.82	448.00
52.84	506.00
52.86	491.00
52.88	477.00
52.9	464.00
52.92	493.00
52.94	473.00
52.96	485.00
52.98	494.00
53	446.00
53.02	475.00
53.04	473.00
53.06	461.00
53.08	490.00
53.1	449.00
53.12	502.00
53.14	478.00
53.16	445.00
53.18	446.00
53.2	446.00
53.22	451.00
53.24	441.00
53.26	440.00
53.28	472.00
53.3	491.00
53.32	488.00
53.34	436.00
53.36	465.00
53.38	499.00
53.4	489.00
53.42	494.00
53.44	499.00
53.46	483.00
53.48	482.00
53.5	463.00
53.52	483.00
53.54	522.00
53.56	487.00
53.58	456.00
53.6	505.00
53.62	485.00
53.64	473.00
53.66	458.00
53.68	437.00
53.7	449.00
53.72	424.00
53.74	496.00
53.76	491.00
53.78	456.00
53.8	477.00
53.82	462.00
53.84	476.00
53.86	483.00
53.88	463.00
53.9	424.00
53.92	470.00
53.94	473.00
53.96	451.00
53.98	459.00
54	470.00
54.02	462.00
54.04	494.00
54.06	480.00
54.08	478.00
54.1	467.00
54.12	485.00
54.14	492.00
54.16	477.00
54.18	477.00
54.2	463.00
54.22	485.00
54.24	478.00
54.26	486.00
54.28	477.00
54.3	484.00
54.32	504.00
54.34	492.00
54.36	487.00
54.38	488.00
54.4	451.00
54.42	448.00
54.44	484.00
54.46	479.00
54.48	463.00
54.5	478.00
54.52	454.00
54.54	495.00
54.56	483.00
54.58	467.00
54.6	443.00
54.62	490.00
54.64	489.00
54.66	461.00
54.68	464.00
54.7	458.00
54.72	467.00
54.74	456.00
54.76	488.00
54.78	459.00
54.8	463.00
54.82	464.00
54.84	499.00
54.86	472.00
54.88	459.00
54.9	484.00
54.92	468.00
54.94	471.00
54.96	491.00
54.98	468.00
55	474.00
55.02	477.00
55.04	477.00
55.06	471.00
55.08	462.00
55.1	511.00
55.12	480.00
55.14	501.00
55.16	467.00
55.18	431.00
55.2	490.00
55.22	442.00
55.24	457.00
55.26	470.00
55.28	466.00
55.3	465.00
55.32	461.00
55.34	468.00
55.36	440.00
55.38	435.00
55.4	474.00
55.42	451.00
55.44	490.00
55.46	459.00
55.48	469.00
55.5	452.00
55.52	443.00
55.54	438.00
55.56	458.00
55.58	453.00
55.6	436.00
55.62	461.00
55.64	459.00
55.66	467.00
55.68	466.00
55.7	496.00
55.72	508.00
55.74	443.00
55.76	441.00
55.78	465.00
55.8	469.00
55.82	461.00
55.84	480.00
55.86	482.00
55.88	448.00
55.9	444.00
55.92	463.00
55.94	469.00
55.96	420.00
55.98	444.00
56	466.00
56.02	454.00
56.04	499.00
56.06	491.00
56.08	501.00
56.1	444.00
56.12	452.00
56.14	473.00
56.16	453.00
56.18	468.00
56.2	478.00
56.22	447.00
56.24	477.00
56.26	447.00
56.28	472.00
56.3	451.00
56.32	491.00
56.34	481.00
56.36	456.00
56.38	451.00
56.4	435.00
56.42	421.00
56.44	486.00
56.46	448.00
56.48	495.00
56.5	485.00
56.52	437.00
56.54	431.00
56.56	431.00
56.58	450.00
56.6	492.00
56.62	523.00
56.64	478.00
56.66	452.00
56.68	426.00
56.7	430.00
56.72	463.00
56.74	441.00
56.76	483.00
56.78	446.00
56.8	493.00
56.82	460.00
56.84	451.00
56.86	474.00
56.88	440.00
56.9	470.00
56.92	463.00
56.94	472.00
56.96	493.00
56.98	459.00
57	455.00
57.02	469.00
57.04	479.00
57.06	471.00
57.08	454.00
57.1	468.00
57.12	509.00
57.14	466.00
57.16	510.00
57.18	468.00
57.2	473.00
57.22	462.00
57.24	446.00
57.26	466.00
57.28	461.00
57.3	474.00
57.32	467.00
57.34	464.00
57.36	439.00
57.38	498.00
57.4	435.00
57.42	463.00
57.44	460.00
57.46	466.00
57.48	489.00
57.5	424.00
57.52	449.00
57.54	468.00
57.56	498.00
57.58	460.00
57.6	466.00
57.62	455.00
57.64	440.00
57.66	476.00
57.68	439.00
57.7	443.00
57.72	465.00
57.74	473.00
57.76	451.00
57.78	480.00
57.8	491.00
57.82	469.00
57.84	456.00
57.86	480.00
57.88	459.00
57.9	458.00
57.92	454.00
57.94	467.00
57.96	467.00
57.98	479.00
58	462.00
58.02	472.00
58.04	476.00
58.06	474.00
58.08	485.00
58.1	458.00
58.12	467.00
58.14	440.00
58.16	455.00
58.18	475.00
58.2	471.00
58.22	462.00
58.24	454.00
58.26	497.00
58.28	442.00
58.3	437.00
58.32	460.00
58.34	462.00
58.36	519.00
58.38	501.00
58.4	510.00
58.42	432.00
58.44	486.00
58.46	475.00
58.48	465.00
58.5	481.00
58.52	454.00
58.54	480.00
58.56	445.00
58.58	455.00
58.6	469.00
58.62	486.00
58.64	464.00
58.66	493.00
58.68	489.00
58.7	497.00
58.72	503.00
58.74	496.00
58.76	485.00
58.78	500.00
58.8	447.00
58.82	436.00
58.84	477.00
58.86	447.00
58.88	477.00
58.9	477.00
58.92	455.00
58.94	447.00
58.96	477.00
58.98	449.00
59	461.00
59.02	482.00
59.04	485.00
59.06	474.00
59.08	516.00
59.1	471.00
59.12	466.00
59.14	489.00
59.16	489.00
59.18	488.00
59.2	491.00
59.22	505.00
59.24	483.00
59.26	476.00
59.28	479.00
59.3	459.00
59.32	454.00
59.34	414.00
59.36	449.00
59.38	466.00
59.4	476.00
59.42	460.00
59.44	422.00
59.46	470.00
59.48	457.00
59.5	450.00
59.52	452.00
59.54	437.00
59.56	469.00
59.58	465.00
59.6	473.00
59.62	486.00
59.64	419.00
59.66	434.00
59.68	448.00
59.7	463.00
59.72	477.00
59.74	457.00
59.76	493.00
59.78	445.00
59.8	486.00
59.82	446.00
59.84	482.00
59.86	497.00
59.88	473.00
59.9	478.00
59.92	497.00
59.94	508.00
59.96	526.00
59.98	508.00
60	530.00
60.02	544.00
60.04	514.00
60.06	529.00
60.08	520.00
60.1	577.00
60.12	526.00
60.14	532.00
60.16	569.00
60.18	597.00
60.2	614.00
60.22	599.00
60.24	565.00
60.26	553.00
60.28	585.00
60.3	634.00
60.32	631.00
60.34	653.00
60.36	607.00
60.38	623.00
60.4	651.00
60.42	668.00
60.44	687.00
60.46	638.00
60.48	624.00
60.5	606.00
60.52	639.00
60.54	596.00
60.56	646.00
60.58	631.00
60.6	628.00
60.62	581.00
60.64	625.00
60.66	620.00
60.68	626.00
60.7	619.00
60.72	607.00
60.74	574.00
60.76	575.00
60.78	580.00
60.8	604.00
60.82	590.00
60.84	540.00
60.86	498.00
60.88	508.00
60.9	563.00
60.92	606.00
60.94	565.00
60.96	564.00
60.98	567.00
61	532.00
61.02	504.00
61.04	492.00
61.06	528.00
61.08	506.00
61.1	511.00
61.12	543.00
61.14	536.00
61.16	495.00
61.18	489.00
61.2	482.00
61.22	521.00
61.24	526.00
61.26	509.00
61.28	508.00
61.3	529.00
61.32	530.00
61.34	503.00
61.36	491.00
61.38	495.00
61.4	543.00
61.42	506.00
61.44	498.00
61.46	513.00
61.48	468.00
61.5	499.00
61.52	458.00
61.54	480.00
61.56	516.00
61.58	474.00
61.6	497.00
61.62	488.00
61.64	503.00
61.66	473.00
61.68	484.00
61.7	448.00
61.72	466.00
61.74	475.00
61.76	464.00
61.78	444.00
61.8	477.00
61.82	433.00
61.84	451.00
61.86	462.00
61.88	466.00
61.9	463.00
61.92	485.00
61.94	475.00
61.96	447.00
61.98	469.00
62	459.00
62.02	471.00
62.04	457.00
62.06	430.00
62.08	442.00
62.1	449.00
62.12	465.00
62.14	451.00
62.16	450.00
62.18	428.00
62.2	485.00
62.22	470.00
62.24	442.00
62.26	463.00
62.28	476.00
62.3	447.00
62.32	455.00
62.34	431.00
62.36	453.00
62.38	437.00
62.4	423.00
62.42	449.00
62.44	472.00
62.46	441.00
62.48	466.00
62.5	467.00
62.52	431.00
62.54	450.00
62.56	438.00
62.58	435.00
62.6	457.00
62.62	480.00
62.64	448.00
62.66	427.00
62.68	515.00
62.7	443.00
62.72	455.00
62.74	440.00
62.76	467.00
62.78	468.00
62.8	464.00
62.82	446.00
62.84	479.00
62.86	504.00
62.88	431.00
62.9	440.00
62.92	455.00
62.94	484.00
62.96	461.00
62.98	482.00
63	490.00
63.02	460.00
63.04	473.00
63.06	464.00
63.08	469.00
63.1	459.00
63.12	462.00
63.14	439.00
63.16	473.00
63.18	512.00
63.2	482.00
63.22	448.00
63.24	427.00
63.26	460.00
63.28	473.00
63.3	445.00
63.32	473.00
63.34	449.00
63.36	459.00
63.38	484.00
63.4	471.00
63.42	487.00
63.44	457.00
63.46	439.00
63.48	470.00
63.5	438.00
63.52	466.00
63.54	440.00
63.56	425.00
63.58	461.00
63.6	480.00
63.62	415.00
63.64	452.00
63.66	468.00
63.68	452.00
63.7	434.00
63.72	458.00
63.74	472.00
63.76	457.00
63.78	451.00
63.8	457.00
63.82	456.00
63.84	463.00
63.86	403.00
63.88	457.00
63.9	426.00
63.92	450.00
63.94	424.00
63.96	452.00
63.98	439.00
64	443.00
64.02	481.00
64.04	460.00
64.06	478.00
64.08	486.00
64.1	493.00
64.12	483.00
64.14	456.00
64.16	449.00
64.18	450.00
64.2	438.00
64.22	436.00
64.24	459.00
64.26	478.00
64.28	435.00
64.3	460.00
64.32	467.00
64.34	443.00
64.36	467.00
64.38	465.00
64.4	468.00
64.42	494.00
64.44	488.00
64.46	463.00
64.48	424.00
64.5	478.00
64.52	463.00
64.54	460.00
64.56	473.00
64.58	484.00
64.6	478.00
64.62	463.00
64.64	454.00
64.66	461.00
64.68	471.00
64.7	454.00
64.72	457.00
64.74	447.00
64.76	468.00
64.78	450.00
64.8	426.00
64.82	444.00
64.84	420.00
64.86	462.00
64.88	430.00
64.9	478.00
64.92	478.00
64.94	485.00
64.96	471.00
64.98	492.00
65	481.00
65.02	420.00
65.04	453.00
65.06	470.00
65.08	409.00
65.1	455.00
65.12	501.00
65.14	459.00
65.16	476.00
65.18	463.00
65.2	431.00
65.22	484.00
65.24	434.00
65.26	475.00
65.28	470.00
65.3	453.00
65.32	449.00
65.34	476.00
65.36	442.00
65.38	481.00
65.4	472.00
65.42	430.00
65.44	466.00
65.46	447.00
65.48	448.00
65.5	437.00
65.52	491.00
65.54	444.00
65.56	441.00
65.58	477.00
65.6	492.00
65.62	460.00
65.64	468.00
65.66	436.00
65.68	466.00
65.7	492.00
65.72	459.00
65.74	462.00
65.76	469.00
65.78	480.00
65.8	465.00
65.82	481.00
65.84	469.00
65.86	488.00
65.88	464.00
65.9	469.00
65.92	449.00
65.94	496.00
65.96	504.00
65.98	497.00
66	467.00
66.02	511.00
66.04	516.00
66.06	537.00
66.08	537.00
66.1	565.00
66.12	533.00
66.14	549.00
66.16	517.00
66.18	581.00
66.2	571.00
66.22	572.00
66.24	578.00
66.26	611.00
66.28	642.00
66.3	611.00
66.32	620.00
66.34	704.00
66.36	651.00
66.38	683.00
66.4	717.00
66.42	717.00
66.44	732.00
66.46	720.00
66.48	715.00
66.5	800.00
66.52	805.00
66.54	830.00
66.56	823.00
66.58	802.00
66.6	843.00
66.62	891.00
66.64	900.00
66.66	888.00
66.68	874.00
66.7	829.00
66.72	850.00
66.74	890.00
66.76	899.00
66.78	904.00
66.8	916.00
66.82	894.00
66.84	853.00
66.86	913.00
66.88	955.00
66.9	886.00
66.92	894.00
66.94	905.00
66.96	888.00
66.98	912.00
67	850.00
67.02	823.00
67.04	868.00
67.06	848.00
67.08	823.00
67.1	822.00
67.12	776.00
67.14	809.00
67.16	715.00
67.18	696.00
67.2	711.00
67.22	709.00
67.24	678.00
67.26	627.00
67.28	595.00
67.3	583.00
67.32	572.00
67.34	586.00
67.36	540.00
67.38	556.00
67.4	549.00
67.42	497.00
67.44	491.00
67.46	522.00
67.48	524.00
67.5	539.00
67.52	491.00
67.54	472.00
67.56	470.00
67.58	482.00
67.6	472.00
67.62	495.00
67.64	465.00
67.66	457.00
67.68	467.00
67.7	475.00
67.72	473.00
67.74	481.00
67.76	443.00
67.78	489.00
67.8	488.00
67.82	481.00
67.84	517.00
67.86	473.00
67.88	465.00
67.9	479.00
67.92	512.00
67.94	494.00
67.96	434.00
67.98	471.00
68	474.00
68.02	479.00
68.04	477.00
68.06	483.00
68.08	466.00
68.1	494.00
68.12	503.00
68.14	479.00
68.16	468.00
68.18	481.00
68.2	495.00
68.22	507.00
68.24	488.00
68.26	475.00
68.28	520.00
68.3	509.00
68.32	481.00
68.34	512.00
68.36	501.00
68.38	510.00
68.4	534.00
68.42	522.00
68.44	524.00
68.46	552.00
68.48	502.00
68.5	475.00
68.52	501.00
68.54	522.00
68.56	541.00
68.58	579.00
68.6	558.00
68.62	510.00
68.64	523.00
68.66	568.00
68.68	564.00
68.7	557.00
68.72	512.00
68.74	536.00
68.76	523.00
68.78	535.00
68.8	546.00
68.82	544.00
68.84	535.00
68.86	550.00
68.88	558.00
68.9	505.00
68.92	526.00
68.94	517.00
68.96	536.00
68.98	578.00
69	518.00
69.02	533.00
69.04	528.00
69.06	532.00
69.08	529.00
69.1	518.00
69.12	537.00
69.14	470.00
69.16	502.00
69.18	514.00
69.2	511.00
69.22	521.00
69.24	500.00
69.26	489.00
69.28	484.00
69.3	510.00
69.32	511.00
69.34	518.00
69.36	449.00
69.38	526.00
69.4	503.00
69.42	526.00
69.44	469.00
69.46	475.00
69.48	453.00
69.5	452.00
69.52	455.00
69.54	473.00
69.56	470.00
69.58	494.00
69.6	506.00
69.62	513.00
69.64	483.00
69.66	464.00
69.68	443.00
69.7	474.00
69.72	488.00
69.74	467.00
69.76	458.00
69.78	440.00
69.8	446.00
69.82	463.00
69.84	440.00
69.86	473.00
69.88	456.00
69.9	456.00
69.92	428.00
69.94	438.00
69.96	460.00
69.98	449.00
70	481.00
70.02	471.00
70.04	444.00
70.06	475.00
70.08	475.00
70.1	436.00
70.12	480.00
70.14	460.00
70.16	477.00
70.18	491.00
70.2	477.00
70.22	457.00
70.24	422.00
70.26	479.00
70.28	439.00
70.3	486.00
70.32	461.00
70.34	446.00
70.36	472.00
70.38	455.00
70.4	444.00
70.42	475.00
70.44	456.00
70.46	460.00
70.48	467.00
70.5	466.00
70.52	467.00
70.54	466.00
70.56	446.00
70.58	468.00
70.6	451.00
70.62	474.00
70.64	471.00
70.66	446.00
70.68	440.00
70.7	483.00
70.72	445.00
70.74	497.00
70.76	485.00
70.78	451.00
70.8	452.00
70.82	471.00
70.84	447.00
70.86	452.00
70.88	475.00
70.9	492.00
70.92	479.00
70.94	450.00
70.96	455.00
70.98	494.00
71	491.00
71.02	429.00
71.04	449.00
71.06	488.00
71.08	435.00
71.1	463.00
71.12	435.00
71.14	452.00
71.16	444.00
71.18	447.00
71.2	462.00
71.22	468.00
71.24	464.00
71.26	448.00
71.28	447.00
71.3	470.00
71.32	442.00
71.34	457.00
71.36	441.00
71.38	430.00
71.4	463.00
71.42	401.00
71.44	445.00
71.46	459.00
71.48	482.00
71.5	448.00
71.52	458.00
71.54	472.00
71.56	456.00
71.58	454.00
71.6	472.00
71.62	443.00
71.64	485.00
71.66	466.00
71.68	491.00
71.7	453.00
71.72	465.00
71.74	495.00
71.76	470.00
71.78	499.00
71.8	483.00
71.82	448.00
71.84	468.00
71.86	477.00
71.88	455.00
71.9	457.00
71.92	468.00
71.94	460.00
71.96	471.00
71.98	441.00
72	489.00
72.02	480.00
72.04	502.00
72.06	454.00
72.08	473.00
72.1	455.00
72.12	443.00
72.14	451.00
72.16	494.00
72.18	490.00
72.2	486.00
72.22	479.00
72.24	484.00
72.26	468.00
72.28	447.00
72.3	453.00
72.32	455.00
72.34	468.00
72.36	461.00
72.38	468.00
72.4	414.00
72.42	410.00
72.44	459.00
72.46	464.00
72.48	500.00
72.5	455.00
72.52	462.00
72.54	456.00
72.56	459.00
72.58	449.00
72.6	451.00
72.62	440.00
72.64	450.00
72.66	466.00
72.68	467.00
72.7	477.00
72.72	465.00
72.74	454.00
72.76	456.00
72.78	495.00
72.8	458.00
72.82	476.00
72.84	478.00
72.86	472.00
72.88	437.00
72.9	479.00
72.92	473.00
72.94	479.00
72.96	445.00
72.98	459.00
73	447.00
73.02	440.00
73.04	459.00
73.06	449.00
73.08	460.00
73.1	446.00
73.12	457.00
73.14	454.00
73.16	459.00
73.18	456.00
73.2	464.00
73.22	488.00
73.24	470.00
73.26	496.00
73.28	490.00
73.3	468.00
73.32	488.00
73.34	458.00
73.36	413.00
73.38	492.00
73.4	472.00
73.42	493.00
73.44	462.00
73.46	489.00
73.48	457.00
73.5	475.00
73.52	460.00
73.54	466.00
73.56	464.00
73.58	458.00
73.6	483.00
73.62	506.00
73.64	451.00
73.66	470.00
73.68	461.00
73.7	469.00
73.72	419.00
73.74	450.00
73.76	472.00
73.78	469.00
73.8	493.00
73.82	515.00
73.84	462.00
73.86	463.00
73.88	455.00
73.9	478.00
73.92	456.00
73.94	429.00
73.96	457.00
73.98	457.00
74	444.00
74.02	491.00
74.04	501.00
74.06	513.00
74.08	466.00
74.1	432.00
74.12	483.00
74.14	464.00
74.16	495.00
74.18	478.00
74.2	489.00
74.22	478.00
74.24	479.00
74.26	460.00
74.28	462.00
74.3	447.00
74.32	476.00
74.34	479.00
74.36	433.00
74.38	435.00
74.4	468.00
74.42	491.00
74.44	456.00
74.46	468.00
74.48	483.00
74.5	426.00
74.52	464.00
74.54	510.00
74.56	480.00
74.58	488.00
74.6	486.00
74.62	476.00
74.64	457.00
74.66	447.00
74.68	467.00
74.7	452.00
74.72	458.00
74.74	488.00
74.76	497.00
74.78	482.00
74.8	497.00
74.82	476.00
74.84	473.00
74.86	487.00
74.88	479.00
74.9	440.00
74.92	462.00
74.94	479.00
74.96	503.00
74.98	484.00
75	476.00
75.02	471.00
75.04	488.00
75.06	473.00
75.08	472.00
75.1	463.00
75.12	468.00
75.14	485.00
75.16	494.00
75.18	466.00
75.2	477.00
75.22	467.00
75.24	482.00
75.26	516.00
75.28	485.00
75.3	488.00
75.32	516.00
75.34	503.00
75.36	463.00
75.38	490.00
75.4	521.00
75.42	485.00
75.44	498.00
75.46	545.00
75.48	522.00
75.5	547.00
75.52	570.00
75.54	540.00
75.56	546.00
75.58	587.00
75.6	570.00
75.62	529.00
75.64	553.00
75.66	594.00
75.68	572.00
75.7	609.00
75.72	591.00
75.74	619.00
75.76	621.00
75.78	599.00
75.8	637.00
75.82	674.00
75.84	667.00
75.86	666.00
75.88	706.00
75.9	707.00
75.92	708.00
75.94	755.00
75.96	725.00
75.98	709.00
76	792.00
76.02	750.00
76.04	769.00
76.06	823.00
76.08	776.00
76.1	752.00
76.12	776.00
76.14	768.00
76.16	808.00
76.18	832.00
76.2	822.00
76.22	840.00
76.24	846.00
76.26	895.00
76.28	854.00
76.3	877.00
76.32	896.00
76.34	867.00
76.36	913.00
76.38	931.00
76.4	980.00
76.42	950.00
76.44	946.00
76.46	903.00
76.48	913.00
76.5	898.00
76.52	898.00
76.54	901.00
76.56	858.00
76.58	872.00
76.6	868.00
76.62	840.00
76.64	822.00
76.66	810.00
76.68	812.00
76.7	798.00
76.72	784.00
76.74	809.00
76.76	811.00
76.78	759.00
76.8	703.00
76.82	695.00
76.84	721.00
76.86	712.00
76.88	712.00
76.9	700.00
76.92	662.00
76.94	670.00
76.96	645.00
76.98	631.00
77	631.00
77.02	601.00
77.04	589.00
77.06	605.00
77.08	560.00
77.1	572.00
77.12	577.00
77.14	527.00
77.16	556.00
77.18	531.00
77.2	550.00
77.22	546.00
77.24	528.00
77.26	509.00
77.28	519.00
77.3	489.00
77.32	476.00
77.34	506.00
77.36	509.00
77.38	463.00
77.4	504.00
77.42	519.00
77.44	460.00
77.46	434.00
77.48	466.00
77.5	461.00
77.52	445.00
77.54	491.00
77.56	490.00
77.58	447.00
77.6	472.00
77.62	460.00
77.64	444.00
77.66	462.00
77.68	477.00
77.7	461.00
77.72	475.00
77.74	454.00
77.76	463.00
77.78	497.00
77.8	474.00
77.82	482.00
77.84	464.00
77.86	469.00
77.88	452.00
77.9	501.00
77.92	494.00
77.94	469.00
77.96	486.00
77.98	456.00
78	470.00
78.02	469.00
78.04	507.00
78.06	469.00
78.08	440.00
78.1	459.00
78.12	445.00
78.14	460.00
78.16	478.00
78.18	446.00
78.2	456.00
78.22	445.00
78.24	474.00
78.26	498.00
78.28	454.00
78.3	444.00
78.32	442.00
78.34	453.00
78.36	461.00
78.38	479.00
78.4	446.00
78.42	423.00
78.44	441.00
78.46	435.00
78.48	490.00
78.5	452.00
78.52	455.00
78.54	443.00
78.56	450.00
78.58	466.00
78.6	482.00
78.62	468.00
78.64	459.00
78.66	465.00
78.68	475.00
78.7	511.00
78.72	493.00
78.74	466.00
78.76	473.00
78.78	487.00
78.8	468.00
78.82	439.00
78.84	494.00
78.86	481.00
78.88	410.00
78.9	446.00
78.92	479.00
78.94	461.00
78.96	481.00
78.98	459.00
79	440.00
79.02	436.00
79.04	431.00
79.06	446.00
79.08	464.00
79.1	471.00
79.12	449.00
79.14	439.00
79.16	476.00
79.18	488.00
79.2	468.00
79.22	451.00
79.24	481.00
79.26	473.00
79.28	477.00
79.3	478.00
79.32	471.00
79.34	480.00
79.36	449.00
79.38	444.00
79.4	430.00
79.42	446.00
79.44	462.00
79.46	452.00
79.48	472.00
79.5	484.00
79.52	456.00
79.54	460.00
79.56	439.00
79.58	441.00
79.6	466.00
79.62	454.00
79.64	458.00
79.66	431.00
79.68	424.00
79.7	452.00
79.72	458.00
79.74	428.00
79.76	456.00
79.78	481.00
79.8	468.00
79.82	456.00
79.84	468.00
79.86	465.00
79.88	449.00
79.9	458.00
79.92	478.00
79.94	449.00
79.96	461.00
79.98	462.00
80	467.00
